in user codeCurrent Position: (-0.29659268260002136, -0.28763020038604736, 1.2509326934814453)
Current pose: (-0.29659268260002136, -0.28763020038604736, 1.2509326934814453),-0.291611998721,-0.272593632024
1 : 86.4597391192 own optimal angle
Optimal Velocities- [0.0514582489045, 0.831743045095] theta: 0.21506202047
{0: [0.3051210045814514, 0.3125835955142975, 1.030934453010559, -0.5772432088851929, -0.6010280847549438], 2: [-0.31690841913223267, 0.30145490169525146, 2.3554599285125732, -0.27720409631729126, 0.7858768105506897], 3: [0.2862620949745178, -0.3021344542503357, 1.5707963705062866, -0.47660529613494873, 0.6835874915122986], 4: [-0.009870466776192188, 0.6000968813896179, 2.4291069507598877, 0.21650533378124237, -0.8047172427177429], 5: [0.5872326493263245, 0.007528769783675671, 3.081888437271118, -0.06531207263469696, -0.8307700157165527], 6: [-0.005098786670714617, -0.6129107475280762, 2.1088707447052, -0.36753273010253906, 0.747906506061554], 7: [-0.5965442657470703, -0.016330407932400703, 1.932977557182312, -0.19890017807483673, 0.8092485070228577], 8: [0.7647696733474731, 0.7436057329177856, 1.3378556966781616, -0.7976821660995483, -0.24113811552524567], 9: [-0.7639033794403076, 0.7456795573234558, 1.833037257194519, 0.019716717302799225, -0.8331000804901123], 10: [0.7568979263305664, -0.7330601811408997, 2.55098032951355, -0.8016296029090881, 0.22767184674739838], 12: [0.9071336984634399, 0.01277674175798893, 1.188018798828125, -0.7278031706809998, -0.4058903455734253], 13: [-0.012734781950712204, 0.9002822637557983, 1.5764853954315186, 0.2670120596885681, -0.7893978953361511], 14: [-0.9158961772918701, 0.007051014807075262, 2.3775041103363037, 0.8133894801139832, -0.181223526597023], 15: [-0.01034701056778431, -0.8898900747299194, 3.109041690826416, 0.42432305216789246, 0.7172129154205322], 16: [0.29879581928253174, 0.004665600601583719, 0.2709420621395111, 0.4485972225666046, 0.7022855281829834], 17: [-0.30914387106895447, 0.0027565760537981987, 0.4586174786090851, 0.6690726280212402, 0.49677586555480957]}
1 : output: [0.1000000000000032, 0.8000000000000043]
Current Position: (-0.29707515239715576, -0.2881130874156952, 1.2706512212753296)
Current pose: (-0.29707515239715576, -0.2881130874156952, 1.2706512212753296),-0.292391916559,-0.272981236832
1 : 86.395630536 own optimal angle
Optimal Velocities- [0.0523888586625, 0.831684947521] theta: 0.197697492429
{0: [0.3041527569293976, 0.3096773028373718, 1.0436302423477173, -0.6000000238418579, -0.6000000238418579], 2: [-0.3188472390174866, 0.30339089035987854, 2.351702928543091, -0.30000001192092896, 0.800000011920929], 3: [0.2862620949745178, -0.30358636379241943, 1.6275548934936523, -0.5, 0.699999988079071], 4: [-0.008915990591049194, 0.5995950102806091, 2.500535249710083, 0.20000000298023224, -0.800000011920929], 5: [0.5872323513031006, 0.007529144175350666, -3.1415927410125732, -0.10000000149011612, -0.800000011920929], 6: [-0.006053184624761343, -0.6124241352081299, 2.1787033081054688, -0.4000000059604645, 0.699999988079071], 7: [-0.5975518226623535, -0.015376054681837559, 1.925958514213562, -0.20000000298023224, 0.800000011920929], 8: [0.764245331287384, 0.7425675988197327, 1.3773527145385742, -0.800000011920929, -0.20000000298023224], 9: [-0.7628557085990906, 0.7441250085830688, 1.8727506399154663, 3.552713678800501e-15, -0.800000011920929], 10: [0.7558583617210388, -0.7325147986412048, 2.5451550483703613, -0.800000011920929, 0.20000000298023224], 12: [0.9071417450904846, 0.013253843411803246, 1.2701416015625, -0.699999988079071, -0.4000000059604645], 13: [-0.01225760392844677, 0.899207353591919, 1.5707963705062866, 0.30000001192092896, -0.800000011920929], 14: [-0.9158961772918701, 0.007051014807075262, 2.3775041103363037, 0.8133894801139832, -0.181223526597023], 15: [-0.01034701056778431, -0.8898900747299194, 3.109041690826416, 0.42432305216789246, 0.7172129154205322], 16: [0.29686370491981506, 0.004188294056802988, 0.34020331501960754, 0.4000000059604645, 0.699999988079071], 17: [-0.30721423029899597, 0.0037108412943780422, 0.48259037733078003, 0.699999988079071, 0.5]}
1 : output: [0.1000000000000032, 0.8000000000000043]
Current Position: (-0.2956251800060272, -0.27168840169906616, 1.40774405002594)
Current pose: (-0.2956251800060272, -0.27168840169906616, 1.40774405002594),-0.293053860915,-0.256058497089
1 : 86.245346355 own optimal angle
Optimal Velocities- [0.054570147117, 0.831544673176] theta: 0.0812676736599
{0: [0.29690027236938477, 0.2903149724006653, 1.224330186843872, -0.6000000238418579, -0.6000000238418579], 2: [-0.3324413299560547, 0.32033324241638184, 2.0705385208129883, -0.30000001192092896, 0.800000011920929], 3: [0.28141579031944275, -0.29635024070739746, 2.1936659812927246, -0.5, 0.699999988079071], 4: [0.001581822638399899, 0.5956040620803833, 3.121309995651245, 0.20000000298023224, -0.800000011920929], 5: [0.5842624306678772, 0.009437136352062225, -2.388293981552124, -0.10000000149011612, -0.800000011920929], 6: [-0.012734781950712204, -0.6018034815788269, 2.109212875366211, -0.4000000059604645, 0.699999988079071], 7: [-0.6020902991294861, -0.00010679766273824498, 1.8626070022583008, -0.20000000298023224, 0.800000011920929], 8: [0.7668261528015137, 0.733780562877655, 2.066462516784668, -0.800000011920929, -0.20000000298023224], 9: [-0.7560785412788391, 0.7281020879745483, 2.1174724102020264, 3.552713678800501e-15, -0.800000011920929], 10: [0.7387061715126038, -0.7242592573165894, 2.763240098953247, -0.800000011920929, 0.20000000298023224], 12: [0.9076762199401855, 0.0008475185022689402, 1.8781466484069824, -0.699999988079071, -0.4000000059604645], 13: [-0.011780201457440853, 0.8788459897041321, 1.3175044059753418, 0.30000001192092896, -0.800000011920929], 14: [-0.9013846516609192, -0.01012734230607748, 2.1539502143859863, 0.800000011920929, -0.20000000298023224], 15: [-0.002712749410420656, -0.8957269191741943, 2.263385772705078, 0.4000000059604645, 0.699999988079071], 16: [0.30463066697120667, 0.010391328483819962, 0.8830880522727966, 0.5, 0.699999988079071], 17: [-0.29124361276626587, 0.012777809053659439, 0.511338472366333, 0.699999988079071, 0.5], 18: [0.0006275679334066808, 0.3169507086277008, 0.7920281291007996, 0.5, 0.6000000238418579]}
1 : output: [0.1000000000000032, 0.8000000000000043]
Current Position: (-0.2956251800060272, -0.25239676237106323, 1.5709632635116577)
Current pose: (-0.2956251800060272, -0.25239676237106323, 1.5709632635116577),-0.295627824284,-0.236556762592
1 : 85.9001013529 own optimal angle
Optimal Velocities- [0.0595797332646, 0.831200757837] theta: -0.0597697225886
{0: [0.2944829761981964, 0.26857587695121765, 1.5605641603469849, -0.6000000238418579, -0.6000000238418579], 2: [-0.34216034412384033, 0.3392532169818878, 1.9078645706176758, -0.30000001192092896, 0.800000011920929], 3: [0.2732031047344208, -0.2866731584072113, 2.256474733352661, -0.5, 0.699999988079071], 4: [0.009217031300067902, 0.597588300704956, -2.417107105255127, 0.20000000298023224, -0.800000011920929], 5: [0.576785147190094, 0.0018018410773947835, -1.8748846054077148, -0.10000000149011612, -0.800000011920929], 6: [-0.018461698666214943, -0.5907343626022339, 2.053281545639038, -0.4000000059604645, 0.699999988079071], 7: [-0.607641875743866, 0.015639523044228554, 1.8353701829910278, -0.20000000298023224, 0.800000011920929], 8: [0.7667492628097534, 0.7348912358283997, 2.8841171264648438, -0.800000011920929, -0.20000000298023224], 9: [-0.7441075444221497, 0.7131693959236145, 2.452641487121582, 3.552713678800501e-15, -0.800000011920929], 10: [0.7257750630378723, -0.7201308608055115, 2.8273792266845703, -0.800000011920929, 0.20000000298023224], 12: [0.9076762199401855, 0.0008475185022689402, 1.8781466484069824, -0.699999988079071, -0.4000000059604645], 13: [-0.014165512286126614, 0.8698362708091736, 0.7505052089691162, 0.30000001192092896, -0.800000011920929], 14: [-0.8960915207862854, -0.020147645846009254, 1.4107773303985596, 0.800000011920929, -0.20000000298023224], 15: [-0.005576286464929581, -0.8908639550209045, 1.3641579151153564, 0.4000000059604645, 0.699999988079071], 16: [0.30463066697120667, 0.010391328483819962, 0.8830880522727966, 0.5, 0.699999988079071], 17: [-0.27626481652259827, 0.021846169605851173, 0.4809126555919647, 0.699999988079071, 0.5], 18: [0.011126430705189705, 0.3290698230266571, 0.9275943040847778, 0.5, 0.6000000238418579]}
1 : output: [0.1000000000000032, 0.8000000000000043]
Current Position: (-0.29611024260520935, -0.23554232716560364, 1.388585090637207)
Current pose: (-0.29611024260520935, -0.23554232716560364, 1.388585090637207),-0.293239961033,-0.219964551853
1 : 86.0103174453 own optimal angle
Optimal Velocities- [0.0579806982275, 0.831313829476] theta: 0.093815116224
{0: [0.30075183510780334, 0.25508591532707214, 2.200646162033081, -0.6000000238418579, -0.6000000238418579], 2: [-0.3489657938480377, 0.35724177956581116, 1.892914056777954, -0.30000001192092896, 0.800000011920929], 3: [0.2635558247566223, -0.2721794843673706, 2.0898101329803467, -0.5, 0.699999988079071], 4: [0.005400088150054216, 0.5940081477165222, -1.7380750179290771, 0.20000000298023224, -0.800000011920929], 5: [0.5707700848579407, -0.013944409787654877, -1.7970815896987915, -0.10000000149011612, -0.800000011920929], 6: [-0.02371060475707054, -0.5796604156494141, 2.027556896209717, -0.4000000059604645, 0.699999988079071], 7: [-0.6121835112571716, 0.0309098269790411, 1.8367916345596313, -0.20000000298023224, 0.800000011920929], 8: [0.7563365697860718, 0.7364996075630188, -2.9521889686584473, -0.800000011920929, -0.20000000298023224], 9: [-0.7342328429222107, 0.70909583568573, 3.020473003387451, 3.552713678800501e-15, -0.800000011920929], 10: [0.7103100419044495, -0.7154936790466309, 2.876500368118286, -0.800000011920929, 0.20000000298023224], 12: [0.9054258465766907, -0.0001068126002792269, -2.891127586364746, -0.699999988079071, -0.4000000059604645], 13: [-0.020844800397753716, 0.8629887700080872, 0.11710022389888763, 0.30000001192092896, -0.800000011920929], 14: [-0.8954530358314514, -0.026831133291125298, 0.6905986666679382, 0.800000011920929, -0.20000000298023224], 15: [-0.00319004338234663, -0.8834039568901062, 0.9344695806503296, 0.4000000059604645, 0.699999988079071], 16: [0.3211086094379425, 0.04332038387656212, 0.9886975288391113, 0.5, 0.699999988079071], 17: [-0.2613168954849243, 0.03186705708503723, 0.6655107140541077, 0.699999988079071, 0.5], 18: [0.021624762564897537, 0.3426763415336609, 0.9164755940437317, 0.5, 0.6000000238418579]}
1 : output: [0.1000000000000032, 0.8000000000000043]
Current Position: (-0.29707780480384827, -0.2196679711341858, 1.5760538578033447)
Current pose: (-0.29707780480384827, -0.2196679711341858, 1.5760538578033447),-0.297161083711,-0.203828190055
1 : 85.5340663955 own optimal angle
Optimal Velocities- [0.0648886199938, 0.830803172502] theta: -0.0693356471524
{0: [0.3065352439880371, 0.2527012526988983, 3.0800414085388184, -0.6000000238418579, -0.6000000238418579], 2: [-0.35529106855392456, 0.3742915391921997, 1.893161654472351, -0.30000001192092896, 0.800000011920929], 3: [0.25391024351119995, -0.2586730420589447, 2.131911277770996, -0.5, 0.699999988079071], 4: [0.005400088150054216, 0.5854647159576416, -1.2712048292160034, 0.20000000298023224, -0.800000011920929], 5: [0.5667594075202942, -0.02921440079808235, -1.7067070007324219, -0.10000000149011612, -0.800000011920929], 6: [-0.02943747490644455, -0.5681226253509521, 2.040645122528076, -0.4000000059604645, 0.699999988079071], 7: [-0.6167340278625488, 0.045705121010541916, 1.8655868768692017, -0.20000000298023224, 0.800000011920929], 8: [0.7407777905464172, 0.7343839406967163, -2.8593480587005615, -0.800000011920929, -0.20000000298023224], 9: [-0.7290997505187988, 0.7116482853889465, -2.5489492416381836, 3.552713678800501e-15, -0.800000011920929], 10: [0.6954146027565002, -0.7103431224822998, 2.7951223850250244, -0.800000011920929, 0.20000000298023224], 12: [0.8855726718902588, -0.004878956358879805, -2.6918764114379883, -0.699999988079071, -0.4000000059604645], 13: [-0.019891683012247086, 0.8608318567276001, -0.5410008430480957, 0.30000001192092896, -0.800000011920929], 14: [-0.888434648513794, -0.02635645493865013, 0.14158065617084503, 0.800000011920929, -0.20000000298023224], 15: [0.003490845439955592, -0.8705722689628601, 0.9834181666374207, 0.4000000059604645, 0.699999988079071], 16: [0.3278966248035431, 0.0595514290034771, 0.9609178900718689, 0.5, 0.699999988079071], 17: [-0.2468470335006714, 0.04189259186387062, 0.5572476387023926, 0.699999988079071, 0.5], 18: [0.03164713457226753, 0.35579216480255127, 0.9320148825645447, 0.5, 0.6000000238418579]}
1 : output: [0.1000000000000032, 0.8000000000000043]
Current Position: (-0.29756295680999756, -0.20189091563224792, 1.5656269788742065)
Current pose: (-0.29756295680999756, -0.20189091563224792, 1.5656269788742065),-0.297481074704,-0.186051127271
1 : 85.3680899221 own optimal angle
Optimal Velocities- [0.0672950448563, 0.830611715173] theta: -0.0630606113289
{0: [0.2978428900241852, 0.2522094249725342, -2.4895665645599365, -0.6000000238418579, -0.5], 2: [-0.36259162425994873, 0.3918626606464386, 1.8987151384353638, -0.30000001192092896, 0.800000011920929], 3: [0.24282996356487274, -0.24277135729789734, 2.1196348667144775, -0.5, 0.699999988079071], 4: [0.009218070656061172, 0.5704036951065063, -1.2606987953186035, 0.20000000298023224, -0.800000011920929], 5: [0.5627574920654297, -0.044963836669921875, -1.6893929243087769, -0.10000000149011612, -0.800000011920929], 6: [-0.03468767926096916, -0.5576078295707703, 1.9852076768875122, -0.4000000059604645, 0.699999988079071], 7: [-0.6217917203903198, 0.05907110124826431, 1.8274022340774536, -0.20000000298023224, 0.800000011920929], 8: [0.7262937426567078, 0.7323148846626282, -2.9619874954223633, -0.800000011920929, -0.20000000298023224], 9: [-0.7348647117614746, 0.707471489906311, -1.9384896755218506, 3.552713678800501e-15, -0.800000011920929], 10: [0.6954146027565002, -0.7103431224822998, 2.7951223850250244, -0.800000011920929, 0.20000000298023224], 12: [0.8700807094573975, -0.010128314606845379, -2.642845630645752, -0.699999988079071, -0.4000000059604645], 13: [-0.013212081976234913, 0.8506450057029724, -1.01398503780365, 0.30000001192092896, -0.800000011920929], 14: [-0.8798767328262329, -0.028265371918678284, -0.27599796652793884, 0.800000011920929, -0.20000000298023224], 15: [0.010171808302402496, -0.8567171692848206, 1.0219948291778564, 0.4000000059604645, 0.699999988079071], 16: [0.33760565519332886, 0.07769759744405746, 1.001591682434082, 0.5, 0.6000000238418579], 17: [-0.23289190232753754, 0.051915302872657776, 0.6846436262130737, 0.699999988079071, 0.5], 18: [0.041670262813568115, 0.36944252252578735, 0.8724437355995178, 0.5, 0.6000000238418579]}
1 : output: [0.1000000000000032, 0.8000000000000043]
Current Position: (-0.29804542660713196, -0.18605338037014008, 1.3952250480651855)
Current pose: (-0.29804542660713196, -0.18605338037014008, 1.3952250480651855),-0.295278643313,-0.170456890053
1 : 85.4617996121 own optimal angle
Optimal Velocities- [0.0659364545852, 0.830720668096] theta: 0.0803039498708
{0: [0.28189581632614136, 0.24112486839294434, -2.3645215034484863, -0.6000000238418579, -0.5], 2: [-0.36892643570899963, 0.4094707667827606, 1.9059706926345825, -0.30000001192092896, 0.800000011920929], 3: [0.23416593670845032, -0.23074321448802948, 2.171771287918091, -0.5, 0.699999988079071], 4: [0.013990758918225765, 0.5528766512870789, -1.3519502878189087, -0.699999988079071, -0.20000000298023224], 5: [0.5602508187294006, -0.0597618892788887, -1.6672160625457764, -0.10000000149011612, -0.800000011920929], 6: [-0.039939988404512405, -0.545624315738678, 2.046614646911621, -0.4000000059604645, 0.699999988079071], 7: [-0.6263449788093567, 0.07387322187423706, 1.8377346992492676, -0.20000000298023224, 0.800000011920929], 8: [0.7134029269218445, 0.7302466630935669, -2.8521676063537598, -0.800000011920929, -0.20000000298023224], 9: [-0.7416075468063354, 0.6915401220321655, -1.7971432209014893, 3.552713678800501e-15, -0.800000011920929], 10: [0.6652159690856934, -0.7031475305557251, 3.0025904178619385, -0.800000011920929, 0.20000000298023224], 12: [0.8535804152488708, -0.016332171857357025, -2.5800302028656006, -0.699999988079071, -0.4000000059604645], 13: [-0.006530993152409792, 0.8357804417610168, -1.1772396564483643, 0.30000001192092896, -0.800000011920929], 14: [-0.8670584559440613, -0.03256135806441307, -0.23656035959720612, 0.800000011920929, -0.20000000298023224], 15: [0.017330214381217957, -0.8429083228111267, 1.0543460845947266, 0.4000000059604645, 0.699999988079071], 16: [0.33760565519332886, 0.07769759744405746, 1.001591682434082, 0.5, 0.6000000238418579], 17: [-0.21798397600650787, 0.06194135546684265, 0.5977542400360107, 0.699999988079071, 0.5], 18: [0.049785446375608444, 0.38260966539382935, 0.8889889121055603, 0.5, 0.6000000238418579]}
1 : output: [0.1000000000000032, 0.8000000000000043]
Current Position: (-0.29804542660713196, -0.17022842168807983, 1.5707147121429443)
Current pose: (-0.29804542660713196, -0.17022842168807983, 1.5707147121429443),-0.298044133831,-0.154388421741
1 : 85.0470361773 own optimal angle
Optimal Velocities- [0.0719482510155, 0.830221593082] theta: -0.071969926488
{0: [0.26885637640953064, 0.23197981715202332, -2.418677806854248, -0.6000000238418579, -0.5], 2: [-0.37721362709999084, 0.4280990958213806, 1.91002357006073, -0.30000001192092896, 0.800000011920929], 3: [0.22502367198467255, -0.21679173409938812, 2.1268796920776367, -0.5, 0.699999988079071], 4: [0.013513008132576942, 0.5548818707466125, -1.9129242897033691, -0.699999988079071, 3.552713678800501e-15], 5: [0.5572478771209717, -0.07551935315132141, -1.6987981796264648, -0.10000000149011612, -0.800000011920929], 6: [-0.046621065586805344, -0.5331386923789978, 1.9379398822784424, -0.4000000059604645, 0.699999988079071], 7: [-0.6303978562355042, 0.0872473418712616, 1.8684173822402954, -0.20000000298023224, 0.800000011920929], 8: [0.6990008354187012, 0.7276661396026611, -2.8919713497161865, -0.800000011920929, -0.20000000298023224], 9: [-0.7462775111198425, 0.6761766672134399, -1.7046430110931396, 3.552713678800501e-15, -0.800000011920929], 10: [0.6499408483505249, -0.7006154656410217, 2.9637410640716553, -0.800000011920929, 0.20000000298023224], 12: [0.8381949067115784, -0.023490868508815765, -2.6222715377807617, -0.699999988079071, -0.4000000059604645], 13: [-0.0022358200512826443, 0.8225634098052979, -1.245620846748352, 0.30000001192092896, -0.800000011920929], 14: [-0.8516224026679993, -0.036380037665367126, -0.24921321868896484, 0.800000011920929, -0.20000000298023224], 15: [0.023534253239631653, -0.8291487097740173, 1.05328369140625, 0.4000000059604645, 0.699999988079071], 16: [0.34586459398269653, 0.09346335381269455, 0.9184341430664062, 0.5, 0.699999988079071], 17: [-0.20308320224285126, 0.07244948297739029, 0.588173508644104, 0.699999988079071, 0.5], 18: [0.049785446375608444, 0.38260966539382935, 0.8889889121055603, 0.5, 0.6000000238418579]}
1 : output: [0.1000000000000032, 0.8000000000000043]
Current Position: (-0.2990131378173828, -0.1548965722322464, 1.5550851821899414)
Current pose: (-0.2990131378173828, -0.1548965722322464, 1.5550851821899414),-0.298764283525,-0.139058527165
1 : 84.8309816194 own optimal angle
Optimal Velocities- [0.0750783842857, 0.829944384075] theta: -0.0620877043611
{0: [0.26885637640953064, 0.23197981715202332, -2.418677806854248, -0.6000000238418579, -0.5], 2: [-0.3850220739841461, 0.44775673747062683, 1.8966699838638306, -0.30000001192092896, 0.800000011920929], 3: [0.21444617211818695, -0.20141810178756714, 2.1081087589263916, -0.5, 0.699999988079071], 4: [0.013513008132576942, 0.5548818707466125, -1.9129242897033691, -0.699999988079071, 3.552713678800501e-15], 5: [0.553743302822113, -0.09128247201442719, -1.7039589881896973, -0.10000000149011612, -0.800000011920929], 6: [-0.05187211185693741, -0.5211919546127319, 2.0866332054138184, -0.4000000059604645, 0.699999988079071], 7: [-0.6354683041572571, 0.10206004977226257, 1.863282561302185, -0.20000000298023224, 0.800000011920929], 8: [0.683620274066925, 0.725080132484436, -2.913691520690918, -0.800000011920929, -0.20000000298023224], 9: [-0.7488757967948914, 0.6613714694976807, -1.6374701261520386, 3.552713678800501e-15, -0.800000011920929], 10: [0.6347060799598694, -0.6980435252189636, 2.9156925678253174, -0.800000011920929, 0.20000000298023224], 12: [0.8212807178497314, -0.030172590166330338, -2.625072956085205, -0.699999988079071, -0.4000000059604645], 13: [0.0020593854133039713, 0.8062390089035034, -1.2703754901885986, 0.30000001192092896, -0.800000011920929], 14: [-0.8357089161872864, -0.03972173109650612, -0.17705920338630676, 0.800000011920929, -0.20000000298023224], 15: [0.028784222900867462, -0.814908504486084, 1.0382080078125, 0.4000000059604645, 0.699999988079071], 16: [0.35364848375320435, 0.10875694453716278, 0.9460303783416748, 0.5, 0.699999988079071], 17: [-0.1886879801750183, 0.08391084522008896, 0.6170167922973633, 0.699999988079071, 0.5], 18: [0.06076603755354881, 0.39774295687675476, 0.8836574554443359, 0.6000000238418579, 0.6000000238418579]}
1 : output: [0.1000000000000032, 0.8000000000000043]
Current Position: (-0.29998093843460083, -0.13574813306331635, 1.4006787538528442)
Current pose: (-0.29998093843460083, -0.13574813306331635, 1.4006787538528442),-0.297299254535,-0.120136785541
1 : 84.8040314893 own optimal angle
Optimal Velocities- [0.0754687556637, 0.829908977758] theta: 0.0661923455004
{0: [0.26885637640953064, 0.23197981715202332, -2.418677806854248, -0.6000000238418579, -0.5], 2: [-0.3923473358154297, 0.4659874439239502, 1.9213296175003052, -0.30000001192092896, 0.800000011920929], 3: [0.2038745880126953, -0.1860610395669937, 2.1656723022460938, -0.5, 0.699999988079071], 4: [0.01017129234969616, 0.5504285097122192, -2.470777988433838, -0.699999988079071, -0.10000000149011612], 5: [0.5497499108314514, -0.10657472163438797, -1.705374836921692, -0.10000000149011612, -0.800000011920929], 6: [-0.05664634704589844, -0.5107561349868774, 2.068629026412964, -0.4000000059604645, 0.699999988079071], 7: [-0.6400330662727356, 0.11735749244689941, 1.8645769357681274, -0.20000000298023224, 0.800000011920929], 8: [0.6682831048965454, 0.7225024104118347, -2.8903648853302, -0.800000011920929, -0.20000000298023224], 9: [-0.7509523034095764, 0.6466099619865417, -1.5943019390106201, 3.552713678800501e-15, -0.800000011920929], 10: [0.6190024018287659, -0.6939370036125183, 2.853344678878784, -0.800000011920929, 0.20000000298023224], 12: [0.8049602508544922, -0.03590010851621628, -2.6337788105010986, -0.699999988079071, -0.4000000059604645], 13: [0.005877365358173847, 0.7915505170822144, -1.2522269487380981, 0.30000001192092896, -0.800000011920929], 14: [-0.820396363735199, -0.04210837185382843, -0.21341361105442047, 0.800000011920929, -0.20000000298023224], 15: [0.03498879447579384, -0.8012378215789795, 1.046811819076538, 0.4000000059604645, 0.699999988079071], 16: [0.36289557814598083, 0.1269291341304779, 0.9550609588623047, 0.5, 0.699999988079071], 17: [-0.1742914915084839, 0.09394475072622299, 0.6389787793159485, 0.699999988079071, 0.5], 18: [0.06076603755354881, 0.39774295687675476, 0.8836574554443359, 0.6000000238418579, 0.6000000238418579]}
1 : output: [0.1000000000000032, 0.8000000000000043]
Current Position: (-0.29998093843460083, -0.12091843038797379, 1.3866106271743774)
Current pose: (-0.29998093843460083, -0.12091843038797379, 1.3866106271743774),-0.297079904729,-0.105346352703
1 : 84.6774801239 own optimal angle
Optimal Velocities- [0.07730162158, 0.829740262821] theta: 0.0760751694001
{0: [0.24137941002845764, 0.21274617314338684, -2.438713788986206, -0.6000000238418579, -0.5], 2: [-0.39968231320381165, 0.48426228761672974, 1.8805874586105347, -0.30000001192092896, 0.800000011920929], 3: [0.19283241033554077, -0.17071478068828583, 2.1871984004974365, -0.5, 0.699999988079071], 4: [0.00396763114258647, 0.547454297542572, -2.8503549098968506, -0.699999988079071, -0.20000000298023224], 5: [0.5467520952224731, -0.12330932915210724, -1.66434907913208, -0.10000000149011612, -0.800000011920929], 6: [-0.06237926334142685, -0.49885988235473633, 2.0081379413604736, -0.4000000059604645, 0.699999988079071], 7: [-0.6451126337051392, 0.1331423968076706, 1.8493046760559082, -0.20000000298023224, 0.800000011920929], 8: [0.6529969573020935, 0.7204384207725525, -2.855266571044922, -0.800000011920929, -0.20000000298023224], 9: [-0.7525143027305603, 0.6313832402229309, -1.5894490480422974, 3.552713678800501e-15, -0.800000011920929], 10: [0.6033488512039185, -0.6897947192192078, 2.9568629264831543, -0.800000011920929, 0.20000000298023224], 12: [0.7881788015365601, -0.042582686990499496, -2.6424002647399902, -0.699999988079071, -0.4000000059604645], 13: [0.005877365358173847, 0.7915505170822144, -1.2522269487380981, 0.30000001192092896, -0.800000011920929], 14: [-0.8035547137260437, -0.04497269541025162, -0.19164027273654938, 0.800000011920929, -0.20000000298023224], 15: [0.03498879447579384, -0.8012378215789795, 1.046811819076538, 0.4000000059604645, 0.699999988079071], 16: [0.37118014693260193, 0.1441560834646225, 0.9791489243507385, 0.5, 0.699999988079071], 17: [-0.16135163605213165, 0.10255256295204163, 0.5743206143379211, 0.699999988079071, 0.5], 18: [0.07222960889339447, 0.41097280383110046, 0.8118841052055359, 0.6000000238418579, 0.6000000238418579]}
1 : output: [0.1000000000000032, 0.8000000000000043]
Current Position: (-0.29998093843460083, -0.10370650142431259, 1.5708779096603394)
Current pose: (-0.29998093843460083, -0.10370650142431259, 1.5708779096603394),-0.299982230707,-0.087866501477
1 : 84.1504202758 own optimal angle
Optimal Velocities- [0.0849309656635, 0.828994074476] theta: -0.085146674092
{0: [0.2274230718612671, 0.20217569172382355, -2.409386396408081, -0.6000000238418579, -0.6000000238418579], 2: [-0.4065326750278473, 0.5015967488288879, 1.8947044610977173, -0.30000001192092896, 0.800000011920929], 3: [0.18275678157806396, -0.1558605283498764, 2.113285541534424, -0.5, 0.699999988079071], 4: [-0.009392810985445976, 0.5449545383453369, -2.8516886234283447, -0.699999988079071, -0.4000000059604645], 5: [0.5437557697296143, -0.14005497097969055, -1.7225539684295654, 3.552713678800501e-15, -0.800000011920929], 6: [-0.06858404725790024, -0.48795071244239807, 2.0012893676757812, -0.4000000059604645, 0.699999988079071], 7: [-0.6496911644935608, 0.1475011259317398, 1.8731480836868286, -0.20000000298023224, 0.800000011920929], 8: [0.6372416615486145, 0.7173441648483276, -2.8604907989501953, -0.800000011920929, -0.20000000298023224], 9: [-0.7545843720436096, 0.6172103881835938, -1.6041666269302368, 3.552713678800501e-15, -0.800000011920929], 10: [0.5872379541397095, -0.6852255463600159, 2.9472885131835938, -0.800000011920929, 0.20000000298023224], 12: [0.7709370851516724, -0.04878826066851616, -2.641725540161133, -0.699999988079071, -0.4000000059604645], 13: [0.013513423502445221, 0.7607498168945312, -1.2701056003570557, 0.30000001192092896, -0.800000011920929], 14: [-0.7878291606903076, -0.04783432185649872, -0.24175623059272766, 0.800000011920929, -0.20000000298023224], 15: [0.046444766223430634, -0.7750663757324219, 1.0466841459274292, 0.4000000059604645, 0.699999988079071], 16: [0.37946945428848267, 0.1609184294939041, 0.9658351540565491, 0.5, 0.6000000238418579], 17: [-0.146504208445549, 0.11211422830820084, 0.5131370425224304, 0.699999988079071, 0.5], 18: [0.08321110159158707, 0.4242093563079834, 0.7289419770240784, 0.5, 0.6000000238418579]}
1 : output: [0.1000000000000032, 0.8000000000000043]
Current Position: (-0.30046623945236206, -0.08746049553155899, 1.4068559408187866)
Current pose: (-0.30046623945236206, -0.08746049553155899, 1.4068559408187866),-0.297881040315,-0.0718328806969
1 : 84.2055284108 own optimal angle
Optimal Velocities- [0.0841335847471, 0.82907537918] theta: 0.0523398152764
{0: [0.21252070367336273, 0.19113320112228394, -2.3821890354156494, -0.6000000238418579, -0.6000000238418579], 2: [-0.41387704014778137, 0.5199712514877319, 1.9074113368988037, -0.20000000298023224, 0.800000011920929], 3: [0.1736457347869873, -0.14197373390197754, 2.0839474201202393, -0.5, 0.699999988079071], 4: [-0.025617314502596855, 0.5409562587738037, -2.7326974868774414, -0.5, -0.5], 5: [0.5412300825119019, -0.15537554025650024, -1.6464835405349731, 3.552713678800501e-15, -0.800000011920929], 6: [-0.07335927337408066, -0.47757935523986816, 2.1303844451904297, -0.4000000059604645, 0.699999988079071], 7: [-0.6552920341491699, 0.16186891496181488, 1.84237802028656, -0.20000000298023224, 0.800000011920929], 8: [0.6220412850379944, 0.7147637605667114, -2.8708298206329346, -0.800000011920929, -0.20000000298023224], 9: [-0.756147563457489, 0.6040827631950378, -1.622044563293457, 3.552713678800501e-15, -0.800000011920929], 10: [0.5711709856987, -0.6816051006317139, 2.935023546218872, -0.800000011920929, 0.20000000298023224], 12: [0.7542853951454163, -0.05452018976211548, -2.656879186630249, -0.699999988079071, -0.4000000059604645], 13: [0.017808711156249046, 0.7467255592346191, -1.2463852167129517, 0.30000001192092896, -0.800000011920929], 14: [-0.7716264128684998, -0.05117941275238991, -0.15047980844974518, 0.800000011920929, -0.20000000298023224], 15: [0.052651066333055496, -0.7620393633842468, 1.03924560546875, 0.4000000059604645, 0.699999988079071], 16: [0.3882535696029663, 0.17769601941108704, 0.8974480032920837, 0.6000000238418579, 0.6000000238418579], 17: [-0.13167217373847961, 0.12263462692499161, 0.6041965484619141, 0.699999988079071, 0.5], 18: [0.09420158714056015, 0.4369722902774811, 0.7846279740333557, 0.5, 0.6000000238418579]}
1 : output: [0.1000000000000032, 0.8000000000000043]
Current Position: (-0.30143415927886963, -0.07313121855258942, 1.5760166645050049)
Current pose: (-0.30143415927886963, -0.07313121855258942, 1.5760166645050049),-0.301516849053,-0.0572914343874
1 : 83.5723591257 own optimal angle
Optimal Velocities- [0.0932902808122, 0.828095023503] theta: -0.0978365284192
{0: [0.19859154522418976, 0.1800980418920517, -2.355726718902588, -0.6000000238418579, -0.6000000238418579], 2: [-0.420746773481369, 0.5388913750648499, 1.7853927612304688, -0.20000000298023224, 0.800000011920929], 3: [0.16453783214092255, -0.12953227758407593, 2.1187586784362793, -0.5, 0.699999988079071], 4: [-0.038503795862197876, 0.5354626178741455, -2.5535876750946045, -0.30000001192092896, -0.800000011920929], 5: [0.5392669439315796, -0.1721457988023758, -1.6396105289459229, 3.552713678800501e-15, -0.800000011920929], 6: [-0.07813964039087296, -0.466718852519989, 2.047376871109009, -0.4000000059604645, 0.699999988079071], 7: [-0.659873902797699, 0.17624787986278534, 1.845955491065979, -0.20000000298023224, 0.800000011920929], 8: [0.6089052557945251, 0.7116731405258179, -2.8193373680114746, -0.800000011920929, -0.20000000298023224], 9: [-0.7582273483276367, 0.5889729857444763, -1.598825216293335, 3.552713678800501e-15, -0.800000011920929], 10: [0.5546454191207886, -0.6795980334281921, 3.012681722640991, -0.800000011920929, 0.20000000298023224], 12: [0.7382058501243591, -0.060246627777814865, -2.6331610679626465, -0.699999988079071, -0.4000000059604645], 13: [0.021626893430948257, 0.7317041754722595, -1.2694318294525146, 0.30000001192092896, -0.800000011920929], 14: [-0.7549755573272705, -0.05452131852507591, -0.22713957726955414, 0.800000011920929, -0.20000000298023224], 15: [0.05933528020977974, -0.7474871873855591, 1.066077470779419, 0.4000000059604645, 0.699999988079071], 16: [0.3882535696029663, 0.17769601941108704, 0.8974480032920837, 0.6000000238418579, 0.6000000238418579], 17: [-0.11684178560972214, 0.13219870626926422, 0.507379412651062, 0.699999988079071, 0.5], 18: [0.09420158714056015, 0.4369722902774811, 0.7846279740333557, 0.5, 0.6000000238418579]}
1 : output: [0.1000000000000032, 0.8000000000000043]
Current Position: (-0.30191677808761597, -0.054987791925668716, 1.5760148763656616)
Current pose: (-0.30191677808761597, -0.054987791925668716, 1.5760148763656616),-0.301999439538,-0.0391480076126
1 : 83.2470602608 own optimal angle
Optimal Velocities- [0.0979902914886, 0.827552020853] theta: -0.102566318507
{0: [0.1837148219347, 0.16907097399234772, -2.3458218574523926, -0.6000000238418579, -0.6000000238418579], 2: [-0.4261411428451538, 0.5578742027282715, 1.7871261835098267, -0.20000000298023224, 0.800000011920929], 3: [0.1549636572599411, -0.11422745138406754, 2.0846807956695557, -0.5, 0.699999988079071], 4: [-0.04757745936512947, 0.5274484157562256, -2.0493226051330566, 3.552713678800501e-15, -0.800000011920929], 5: [0.5387651324272156, -0.1879715621471405, -1.6192541122436523, 3.552713678800501e-15, -0.800000011920929], 6: [-0.07813964039087296, -0.466718852519989, 2.047376871109009, -0.4000000059604645, 0.699999988079071], 7: [-0.6634398102760315, 0.1901581734418869, 1.8833503723144531, -0.20000000298023224, 0.800000011920929], 8: [0.59529048204422, 0.7091025114059448, -2.8585236072540283, -0.800000011920929, -0.20000000298023224], 9: [-0.7597837448120117, 0.5734016299247742, -1.5991472005844116, 3.552713678800501e-15, -0.800000011920929], 10: [0.5391592979431152, -0.6759753227233887, 2.9265289306640625, -0.800000011920929, 0.20000000298023224], 12: [0.7211525440216064, -0.06740961968898773, -2.6324567794799805, -0.699999988079071, -0.4000000059604645], 13: [0.025922603905200958, 0.7157043218612671, -1.2772377729415894, 0.30000001192092896, -0.800000011920929], 14: [-0.7388966679573059, -0.057864002883434296, -0.22546203434467316, 0.800000011920929, -0.20000000298023224], 15: [0.06554306298494339, -0.7335028648376465, 1.0699071884155273, 0.4000000059604645, 0.699999988079071], 16: [0.3882535696029663, 0.17769601941108704, 0.8974480032920837, 0.6000000238418579, 0.6000000238418579], 17: [-0.10011003166437149, 0.14177827537059784, 0.5776740908622742, 0.699999988079071, 0.5], 18: [0.10376091301441193, 0.44975364208221436, 0.9120365977287292, 0.5, 0.6000000238418579]}
1 : output: [0.1000000000000032, 0.8000000000000043]
Current Position: (-0.3023994565010071, -0.03875918313860893, 1.4096282720565796)
Current pose: (-0.3023994565010071, -0.03875918313860893, 1.4096282720565796),-0.299857592168,-0.0231244613403
1 : 83.2797129781 own optimal angle
Optimal Velocities- [0.0975186558349, 0.827607730878] theta: 0.0365640996057
{0: [0.16933056712150574, 0.15708988904953003, -2.329407215118408, -0.6000000238418579, -0.6000000238418579], 2: [-0.4261411428451538, 0.5578742027282715, 1.7871261835098267, -0.20000000298023224, 0.800000011920929], 3: [0.14633695781230927, -0.10036402195692062, 2.0625672340393066, -0.5, 0.699999988079071], 4: [-0.04757745936512947, 0.5274484157562256, -2.0493226051330566, 3.552713678800501e-15, -0.800000011920929], 5: [0.5367699861526489, -0.2018909752368927, -1.60999596118927, 3.552713678800501e-15, -0.800000011920929], 6: [-0.09055662900209427, -0.44405823945999146, 2.131972312927246, -0.4000000059604645, 0.699999988079071], 7: [-0.6690555214881897, 0.20551998913288116, 1.8474963903427124, -0.20000000298023224, 0.800000011920929], 8: [0.5791996717453003, 0.7060595750808716, -2.883254051208496, -0.800000011920929, -0.20000000298023224], 9: [-0.7618651390075684, 0.5588719844818115, -1.6033765077590942, 3.552713678800501e-15, -0.800000011920929], 10: [0.5242131948471069, -0.6719187498092651, 2.8999178409576416, -0.800000011920929, 0.20000000298023224], 12: [0.7057003974914551, -0.07266266644001007, -2.6338000297546387, -0.699999988079071, -0.4000000059604645], 13: [0.03021818958222866, 0.7007846236228943, -1.2549967765808105, 0.30000001192092896, -0.699999988079071], 14: [-0.7244201302528381, -0.06072906777262688, -0.16942179203033447, 0.800000011920929, -0.20000000298023224], 15: [0.0712737888097763, -0.7174972891807556, 1.0389472246170044, 0.4000000059604645, 0.699999988079071], 16: [0.4082985818386078, 0.20841780304908752, 0.8048336505889893, 0.6000000238418579, 0.6000000238418579], 17: [-0.0843392163515091, 0.15087668597698212, 0.4419342875480652, 0.699999988079071, 0.5], 18: [0.11332622170448303, 0.46453940868377686, 0.9012088179588318, 0.6000000238418579, 0.6000000238418579]}
1 : output: [0.1000000000000032, 0.8000000000000043]
Current Position: (-0.3028848469257355, -0.022056294605135918, 1.581228494644165)
Current pose: (-0.3028848469257355, -0.022056294605135918, 1.581228494644165),-0.303050089467,-0.00621715653192
1 : 82.5595438225 own optimal angle
Optimal Velocities- [0.107913147479, 0.826316644541] theta: -0.116910521664
{0: [0.15591266751289368, 0.14463885128498077, -2.3228724002838135, -0.6000000238418579, -0.6000000238418579], 2: [-0.4354727566242218, 0.594009280204773, 1.786909580230713, -0.30000001192092896, 0.800000011920929], 3: [0.13819943368434906, -0.0860317051410675, 2.0430870056152344, -0.5, 0.699999988079071], 4: [-0.05474059283733368, 0.512016773223877, -1.8185383081436157, 0.20000000298023224, -0.800000011920929], 5: [0.5347754955291748, -0.21726445853710175, -1.6405292749404907, 3.552713678800501e-15, -0.800000011920929], 6: [-0.09724665433168411, -0.4312703609466553, 2.0727012157440186, -0.4000000059604645, 0.699999988079071], 7: [-0.6741635203361511, 0.22282062470912933, 1.8558851480484009, -0.20000000298023224, 0.800000011920929], 8: [0.5631517767906189, 0.7039585113525391, -2.893975257873535, -0.800000011920929, -0.20000000298023224], 9: [-0.7634308338165283, 0.5438783168792725, -1.6078369617462158, 3.552713678800501e-15, -0.800000011920929], 10: [0.5083163380622864, -0.6683474183082581, 2.931358814239502, -0.800000011920929, 0.20000000298023224], 12: [0.6902968883514404, -0.07983133941888809, -2.6561264991760254, -0.699999988079071, -0.4000000059604645], 13: [0.03451390564441681, 0.683864176273346, -1.236136794090271, 0.30000001192092896, -0.800000011920929], 14: [-0.7074078321456909, -0.063594289124012, -0.16122904419898987, 0.800000011920929, -0.20000000298023224], 15: [0.07748258113861084, -0.7041126489639282, 1.0563191175460815, 0.4000000059604645, 0.699999988079071], 16: [0.41907423734664917, 0.2233191579580307, 0.785025954246521, 0.6000000238418579, 0.6000000238418579], 17: [-0.07049038261175156, 0.15949054062366486, 0.5298844575881958, 0.699999988079071, 0.5], 18: [0.12575463950634003, 0.4783712923526764, 0.7606057524681091, 0.6000000238418579, 0.6000000238418579]}
1 : output: [0.1000000000000032, 0.8000000000000043]
Current Position: (-0.3028848469257355, -0.005355491302907467, 1.3911036252975464)
Current pose: (-0.3028848469257355, -0.005355491302907467, 1.3911036252975464),-0.300053807582,0.0102294635009
1 : 82.6822045115 own optimal angle
Optimal Velocities- [0.106143895692, 0.826545774807] theta: 0.0433108968623
{0: [0.14202657341957092, 0.13219478726387024, -2.316270351409912, -0.6000000238418579, -0.6000000238418579], 2: [-0.44185709953308105, 0.6121648550033569, 1.8864645957946777, -0.30000001192092896, 0.800000011920929], 3: [0.12958469986915588, -0.07122334092855453, 2.1265294551849365, -0.5, 0.699999988079071], 4: [-0.055696696043014526, 0.5025861263275146, -1.3641982078552246, 0.30000001192092896, -0.800000011920929], 5: [0.5332829356193542, -0.23313510417938232, -1.5663870573043823, 3.552713678800501e-15, -0.800000011920929], 6: [-0.10298125445842743, -0.41999903321266174, 2.1177308559417725, -0.4000000059604645, 0.699999988079071], 7: [-0.6741635203361511, 0.22282062470912933, 1.8558851480484009, -0.20000000298023224, 0.800000011920929], 8: [0.5461496114730835, 0.701391875743866, -2.910292625427246, -0.800000011920929, -0.20000000298023224], 9: [-0.7649890184402466, 0.5304152369499207, -1.608020305633545, 3.552713678800501e-15, -0.800000011920929], 10: [0.49195316433906555, -0.663758397102356, 2.857004165649414, -0.800000011920929, 0.20000000298023224], 12: [0.6744313836097717, -0.08556030690670013, -2.641944408416748, -0.699999988079071, -0.4000000059604645], 13: [0.03451390564441681, 0.683864176273346, -1.236136794090271, 0.30000001192092896, -0.800000011920929], 14: [-0.6904662847518921, -0.0655045211315155, -0.19610869884490967, 0.800000011920929, -0.20000000298023224], 15: [0.08369225263595581, -0.6907644271850586, 1.0390957593917847, 0.4000000059604645, 0.699999988079071], 16: [0.43084967136383057, 0.23871658742427826, 0.7852092981338501, 0.6000000238418579, 0.6000000238418579], 17: [-0.05521002039313316, 0.16811488568782806, 0.5662243366241455, 0.699999988079071, 0.5], 18: [0.13867442309856415, 0.49319446086883545, 0.8694323301315308, 0.6000000238418579, 0.6000000238418579]}
1 : output: [0.1000000000000032, 0.8000000000000043]
Current Position: (-0.30385300517082214, 0.009436264634132385, 1.5707963705062866)
Current pose: (-0.30385300517082214, 0.009436264634132385, 1.5707963705062866),-0.303853005863,0.0252762646341
1 : 81.8217971643 own optimal angle
Optimal Velocities- [0.118543650467, 0.824858683278] theta: -0.118947175075
{0: [0.12767000496387482, 0.11927925795316696, -2.336177110671997, -0.800000011920929, -0.4000000059604645], 2: [-0.44923892617225647, 0.6298714280128479, 1.8836232423782349, -0.20000000298023224, 0.800000011920929], 3: [0.12097404152154922, -0.0573766827583313, 2.0839033126831055, -0.699999988079071, 0.5], 4: [-0.05235360190272331, 0.48822492361068726, -1.249286413192749, 0.30000001192092896, -0.800000011920929], 5: [0.5322539210319519, -0.24902395904064178, -1.5664407014846802, 3.552713678800501e-15, -0.800000011920929], 6: [-0.110151506960392, -0.40822768211364746, 2.1987040042877197, -0.4000000059604645, 0.699999988079071], 7: [-0.6777392625808716, 0.2377346307039261, 1.852200984954834, -0.20000000298023224, 0.800000011920929], 8: [0.5316855311393738, 0.6993368864059448, -2.9374892711639404, -0.800000011920929, -0.20000000298023224], 9: [-0.7670809626579285, 0.5169808268547058, -1.630051851272583, 3.552713678800501e-15, -0.800000011920929], 10: [0.4741457402706146, -0.6591665744781494, 2.882794141769409, -0.800000011920929, 0.20000000298023224], 12: [0.6580981612205505, -0.09224952012300491, -2.6998884677886963, -0.8999999761581421, 0.4000000059604645], 13: [0.03880978003144264, 0.6705726385116577, -1.1852649450302124, 0.699999988079071, 0.5], 14: [-0.6745942831039429, -0.068370021879673, -0.1654345691204071, 0.800000011920929, -0.20000000298023224], 15: [0.08369225263595581, -0.6907644271850586, 1.0390957593917847, 0.4000000059604645, 0.699999988079071], 16: [0.44165971875190735, 0.2536504566669464, 0.781977653503418, 0.6000000238418579, 0.5], 17: [-0.03898097947239876, 0.17866863310337067, 0.6084116697311401, 0.699999988079071, 0.5], 18: [0.14920660853385925, 0.5050920248031616, 0.797873854637146, 0.6000000238418579, 0.6000000238418579]}
1 : output: [0.1000000000000032, 0.8000000000000043]
Current Position: (-0.3057895600795746, 0.02709183655679226, 1.5656627416610718)
Current pose: (-0.3057895600795746, 0.02709183655679226, 1.5656627416610718),-0.305708244448,0.042931627836
1 : 81.1324501062 own optimal angle
Optimal Velocities- [0.128459016154, 0.823372774394] theta: -0.124695297581
{0: [0.12767000496387482, 0.11927925795316696, -2.336177110671997, -0.800000011920929, -0.4000000059604645], 2: [-0.45514822006225586, 0.6476313471794128, 1.8096734285354614, -0.20000000298023224, 0.800000011920929], 3: [0.11092976480722427, -0.0435342900454998, 2.2538490295410156, 0.4000000059604645, -0.5], 4: [-0.048056989908218384, 0.472407728433609, -1.213671088218689, 0.30000001192092896, -0.800000011920929], 5: [0.5312895774841309, -0.26541465520858765, -1.5751582384109497, 3.552713678800501e-15, -0.800000011920929], 6: [-0.11684658378362656, -0.39845195412635803, 2.1634292602539062, -0.4000000059604645, 0.699999988079071], 7: [-0.6890029311180115, 0.2676147222518921, 1.895484447479248, -0.20000000298023224, 0.800000011920929], 8: [0.5162592530250549, 0.6967659592628479, -2.8954365253448486, -0.800000011920929, -0.20000000298023224], 9: [-0.7686402797698975, 0.5035743713378906, -1.6308268308639526, 3.552713678800501e-15, -0.800000011920929], 10: [0.45885124802589417, -0.6555664539337158, 2.9258058071136475, -0.800000011920929, 0.20000000298023224], 12: [0.6433355808258057, -0.09224952012300491, 2.8267710208892822, -0.800000011920929, 0.30000001192092896], 13: [0.035942044109106064, 0.6752443313598633, -0.6220090985298157, -0.6000000238418579, -0.6000000238418579], 14: [-0.6587827205657959, -0.07123568654060364, -0.22186149656772614, 0.800000011920929, -0.20000000298023224], 15: [0.09707195311784744, -0.6616231799125671, 1.0671110153198242, 0.4000000059604645, 0.699999988079071], 16: [0.4519883096218109, 0.2676389217376709, 0.7565280795097351, 0.699999988079071, 0.5], 17: [-0.03898097947239876, 0.17866863310337067, 0.6084116697311401, 0.699999988079071, 0.5], 18: [0.1602236032485962, 0.5184981226921082, 0.8761592507362366, 0.6000000238418579, 0.6000000238418579]}
1 : output: [0.1000000000000032, 0.8000000000000043]
Current Position: (-0.3057895600795746, 0.04570465534925461, 1.5159995555877686)
Current pose: (-0.3057895600795746, 0.04570465534925461, 1.5159995555877686),-0.304922013537,0.0615208800251
1 : 80.7834469061 own optimal angle
Optimal Velocities- [0.133471975496, 0.822575027704] theta: -0.0883853549715
{0: [0.10853686183691025, 0.10637224465608597, -2.4979991912841797, 0.800000011920929, 0.20000000298023224], 2: [-0.4605712890625, 0.6649438142776489, 1.7737809419631958, -0.20000000298023224, 0.800000011920929], 3: [0.11092976480722427, -0.0435342900454998, 2.2538490295410156, 0.4000000059604645, -0.5], 4: [-0.04328254982829094, 0.45711788535118103, -1.217083215713501, 0.30000001192092896, -0.800000011920929], 5: [0.5307884216308594, -0.28134432435035706, -1.5796512365341187, 3.552713678800501e-15, -0.800000011920929], 6: [-0.12210795283317566, -0.3881882131099701, 2.0878653526306152, -0.4000000059604645, 0.699999988079071], 7: [-0.693621039390564, 0.2816140651702881, 1.861080288887024, -0.10000000149011612, 0.800000011920929], 8: [0.5162592530250549, 0.6967659592628479, -2.8954365253448486, -0.800000011920929, -0.20000000298023224], 9: [-0.7707257270812988, 0.4896995723247528, -1.6166269779205322, 3.552713678800501e-15, -0.800000011920929], 10: [0.44309768080711365, -0.6515316367149353, 2.8779990673065186, -0.800000011920929, 0.20000000298023224], 12: [0.6276090145111084, -0.08412742614746094, 2.813108205795288, -0.699999988079071, -0.4000000059604645], 13: [0.032604947686195374, 0.677204966545105, -1.3004213571548462, -0.6000000238418579, -0.800000011920929], 14: [-0.643519401550293, -0.07362349331378937, -0.16293299198150635, 0.800000011920929, -0.20000000298023224], 15: [0.10328499227762222, -0.6473692655563354, 1.0635970830917358, 0.4000000059604645, 0.699999988079071], 16: [0.46430137753486633, 0.28164640069007874, 0.617020845413208, 0.699999988079071, 0.4000000059604645], 17: [-0.023709572851657867, 0.18969565629959106, 0.5871276259422302, 0.699999988079071, 0.5], 18: [0.17076554894447327, 0.5324591398239136, 0.7362827658653259, 0.6000000238418579, 0.6000000238418579]}
1 : output: [0.1000000000000032, 0.8000000000000043]
Current Position: (-0.30675795674324036, 0.060502879321575165, 1.5655796527862549)
Current pose: (-0.30675795674324036, 0.060502879321575165, 1.5655796527862549),-0.306675325002,0.0763426637897
1 : 80.0676927931 own optimal angle
Optimal Velocities- [0.143737119741, 0.820843520321] theta: -0.140112324226
{0: [0.12479879707098007, 0.11784496158361435, -2.3560631275177, -2.5, -1.100000023841858], 2: [-0.46550312638282776, 0.6838522553443909, 1.7732524871826172, -0.20000000298023224, 0.800000011920929], 3: [0.11953786760568619, -0.05355953797698021, 2.365128755569458, -0.8999999761581421, -0.10000000149011612], 4: [-0.03803176060318947, 0.4428419768810272, -1.2149864435195923, 0.30000001192092896, -0.800000011920929], 5: [0.529291033744812, -0.29681235551834106, -1.588718056678772, 3.552713678800501e-15, -0.800000011920929], 6: [-0.1268981397151947, -0.377936989068985, 2.103092908859253, -0.4000000059604645, 0.699999988079071], 7: [-0.698754072189331, 0.29804879426956177, 1.779516339302063, -0.10000000149011612, 0.800000011920929], 8: [0.4855195879936218, 0.6916348934173584, -2.857384443283081, -0.800000011920929, -0.30000001192092896], 9: [-0.7728121280670166, 0.47634729743003845, -1.6026819944381714, 3.552713678800501e-15, -0.800000011920929], 10: [0.4278722107410431, -0.6479365825653076, 2.828610420227051, -0.800000011920929, 0.20000000298023224], 12: [0.6174939870834351, -0.08317268639802933, -2.8106589317321777, -0.699999988079071, -0.4000000059604645], 13: [0.028785252943634987, 0.6664919257164001, -2.012460231781006, -0.4000000059604645, -0.800000011920929], 14: [-0.6277970671653748, -0.07744486629962921, -0.2348822057247162, 0.800000011920929, -0.20000000298023224], 15: [0.10328499227762222, -0.6473692655563354, 1.0635970830917358, 0.4000000059604645, 0.699999988079071], 16: [0.47762447595596313, 0.293734610080719, 0.53138267993927, 0.800000011920929, 0.30000001192092896], 17: [-0.007007106207311153, 0.19930818676948547, 0.4196234345436096, 0.699999988079071, 0.5], 18: [0.17076554894447327, 0.5324591398239136, 0.7362827658653259, 0.6000000238418579, 0.6000000238418579]}
1 : output: [0.1000000000000032, 0.8000000000000043]
Current Position: (-0.30821216106414795, 0.0786483883857727, 1.565659761428833)
Current pose: (-0.30821216106414795, 0.0786483883857727, 1.565659761428833),-0.308130798227,0.0944881794225
1 : 79.2269102008 own optimal angle
Optimal Velocities- [0.15576661792, 0.818645958389] theta: -0.152407768536
{0: [0.09419361501932144, 0.10255161672830582, -2.8736214637756348, 1.100000023841858, 0.20000000298023224], 2: [-0.4699467718601227, 0.7007755041122437, 1.7738484144210815, -0.20000000298023224, 0.800000011920929], 3: [0.11426694691181183, -0.04878954961895943, 3.0958127975463867, 0.20000000298023224, -0.699999988079071], 4: [-0.03325840085744858, 0.42810511589050293, -1.197602391242981, 0.30000001192092896, -0.800000011920929], 5: [0.5277682542800903, -0.31278663873672485, -1.575238585472107, 3.552713678800501e-15, -0.800000011920929], 6: [-0.13311204314231873, -0.366228848695755, 2.0528564453125, -0.4000000059604645, 0.699999988079071], 7: [-0.702359676361084, 0.31693094968795776, 1.657294511795044, 0.5, 0.6000000238418579], 8: [0.4692085385322571, 0.6885523200035095, -2.8511197566986084, -0.800000011920929, -0.30000001192092896], 9: [-0.774373471736908, 0.46104884147644043, -1.635266661643982, -0.4000000059604645, -0.699999988079071], 10: [0.4126673936843872, -0.6448866128921509, 2.9782214164733887, -0.800000011920929, 0.20000000298023224], 12: [0.5973179340362549, -0.08890514075756073, -2.665527582168579, -0.699999988079071, -0.4000000059604645], 13: [0.020193982869386673, 0.6532520055770874, -2.1121582984924316, -0.20000000298023224, -0.800000011920929], 14: [-0.6121171712875366, -0.080311119556427, -0.18739119172096252, 0.800000011920929, -0.20000000298023224], 15: [0.10950014740228653, -0.6306207776069641, 1.0607227087020874, 0.4000000059604645, 0.699999988079071], 16: [0.47762447595596313, 0.293734610080719, 0.53138267993927, 0.800000011920929, 0.30000001192092896], 17: [0.006830763071775436, 0.20747247338294983, 0.48860734701156616, 0.699999988079071, 0.5], 18: [0.19427025318145752, 0.5589052438735962, 0.8645272254943848, 0.6000000238418579, 0.6000000238418579]}
1 : output: [0.20000000000000373, 0.8000000000000043]
Current Position: (-0.30821216106414795, 0.0953688696026802, 1.4128139019012451)
Current pose: (-0.30821216106414795, 0.0953688696026802, 1.4128139019012451),-0.30572011598,0.111011609494
1 : 79.0866712734 own optimal angle
Optimal Velocities- [0.157769892573, 0.818262247352] theta: -0.0270759114479
{0: [0.11952946335077286, 0.1073320209980011, -2.7747251987457275, -1.100000023841858, -0.699999988079071], 2: [-0.4758690297603607, 0.7198196649551392, 1.7665088176727295, -0.30000001192092896, 0.800000011920929], 3: [0.11905606836080551, -0.04687797650694847, -2.4817514419555664, -0.800000011920929, -0.10000000149011612], 4: [-0.028007833287119865, 0.4119259715080261, -1.183746337890625, 0.30000001192092896, -0.800000011920929], 5: [0.5263088345527649, -0.3287855386734009, -1.5884729623794556, 3.552713678800501e-15, -0.800000011920929], 6: [-0.13886238634586334, -0.3545530140399933, 2.0122151374816895, -0.4000000059604645, 0.699999988079071], 7: [-0.702359676361084, 0.31693094968795776, 1.657294511795044, 0.5, 0.6000000238418579], 8: [0.4524543881416321, 0.6844601631164551, -2.80106520652771, -0.800000011920929, -0.30000001192092896], 9: [-0.7780161499977112, 0.44185540080070496, -1.8823987245559692, -0.6000000238418579, -0.30000001192092896], 10: [0.3955419063568115, -0.6413334012031555, 2.9830775260925293, -0.800000011920929, 0.20000000298023224], 12: [0.5807229280471802, -0.09559419751167297, -2.6169867515563965, -0.699999988079071, -0.4000000059604645], 13: [0.010649553500115871, 0.6369787454605103, -1.950221061706543, 0.30000001192092896, -0.800000011920929], 14: [-0.594973087310791, -0.08413311839103699, -0.194358691573143, 0.800000011920929, -0.20000000298023224], 15: [0.12097597122192383, -0.6058461666107178, 1.0422327518463135, 0.4000000059604645, 0.699999988079071], 16: [0.47762447595596313, 0.293734610080719, 0.53138267993927, 0.800000011920929, 0.30000001192092896], 17: [0.021146420389413834, 0.2165912389755249, 0.5403108596801758, 0.20000000298023224, 0.800000011920929], 18: [0.19427025318145752, 0.5589052438735962, 0.8645272254943848, 0.6000000238418579, 0.6000000238418579]}
1 : output: [0.20000000000000373, 0.8000000000000043]
Current Position: (-0.30724361538887024, 0.11114125698804855, 1.3936505317687988)
Current pose: (-0.30724361538887024, 0.11114125698804855, 1.3936505317687988),-0.304452278607,0.126733371629
1 : 78.730605479 own optimal angle
Optimal Velocities- [0.162851920777, 0.817265988735] theta: -0.0162852033928
{0: [0.0942002534866333, 0.0972895547747612, -2.3861334323883057, 1.399999976158142, 0.10000000149011612], 2: [-0.48179635405540466, 0.7405006885528564, 1.8977220058441162, -0.30000001192092896, 0.800000011920929], 3: [0.10136394202709198, -0.05547250807285309, -2.6754560470581055, 0.20000000298023224, -0.6000000238418579], 4: [-0.02180323749780655, 0.39577630162239075, -1.2251907587051392, -0.5, -0.10000000149011612], 5: [0.5248125195503235, -0.3448103070259094, -1.579714298248291, 3.552713678800501e-15, -0.800000011920929], 6: [-0.14460709691047668, -0.3433685004711151, 2.0840859413146973, -0.4000000059604645, 0.699999988079071], 7: [-0.7013196349143982, 0.3246981203556061, 1.0978728532791138, 0.699999988079071, 0.4000000059604645], 8: [0.435242623090744, 0.679335355758667, -2.79171085357666, -0.800000011920929, -0.30000001192092896], 9: [-0.7826608419418335, 0.43500688672065735, -2.339006185531616, -0.800000011920929, -0.20000000298023224], 10: [0.3789423406124115, -0.6373029947280884, 2.8870463371276855, -0.800000011920929, 0.20000000298023224], 12: [0.5641723871231079, -0.10132938623428345, -2.652451276779175, -0.699999988079071, -0.4000000059604645], 13: [0.009695476852357388, 0.6268264055252075, -1.4235429763793945, 0.30000001192092896, -0.800000011920929], 14: [-0.5793831944465637, -0.08699987083673477, -0.20983275771141052, 0.800000011920929, -0.20000000298023224], 15: [0.12719620764255524, -0.5902267694473267, 1.064075231552124, 0.4000000059604645, 0.699999988079071], 16: [0.47762447595596313, 0.293734610080719, 0.53138267993927, 0.800000011920929, 0.30000001192092896], 17: [0.026876375079154968, 0.22283045947551727, 1.1495072841644287, 0.6000000238418579, 0.5], 18: [0.21780698001384735, 0.5850096344947815, 0.8131375312805176, 0.6000000238418579, 0.6000000238418579]}
1 : output: [0.20000000000000373, 0.8000000000000043]
Current Position: (-0.30675795674324036, 0.12740054726600647, 1.3857349157333374)
Current pose: (-0.30675795674324036, 0.12740054726600647, 1.3857349157333374),-0.303843287505,0.142970078512
1 : 78.1686184125 own optimal angle
Optimal Velocities- [0.170860132152, 0.815629364163] theta: -0.0178626272496
{0: [0.0942002534866333, 0.0972895547747612, -2.3861334323883057, 1.399999976158142, 0.10000000149011612], 2: [-0.48921987414360046, 0.7581456899642944, 1.9040268659591675, -0.20000000298023224, 0.800000011920929], 3: [0.10089302808046341, -0.05546916276216507, -2.255993127822876, -1.0, 0.20000000298023224], 4: [-0.022758033126592636, 0.397722989320755, -1.6561672687530518, -0.6000000238418579, 0.10000000149011612], 5: [0.5233222246170044, -0.36037540435791016, -1.5840771198272705, 3.552713678800501e-15, -0.800000011920929], 6: [-0.14938639104366302, -0.332685261964798, 2.0978152751922607, -0.4000000059604645, 0.699999988079071], 7: [-0.6971665620803833, 0.3305494487285614, 0.5841414928436279, 0.800000011920929, 0.20000000298023224], 8: [0.420518696308136, 0.6747362613677979, -2.7534875869750977, -0.800000011920929, -0.30000001192092896], 9: [-0.7826608419418335, 0.43500688672065735, -2.339006185531616, -0.800000011920929, -0.20000000298023224], 10: [0.36334508657455444, -0.6347628831863403, 2.8882315158843994, -0.800000011920929, 0.20000000298023224], 12: [0.5481657385826111, -0.10802175104618073, -2.651136636734009, -0.699999988079071, -0.4000000059604645], 13: [0.013036233372986317, 0.607620358467102, -1.3298020362854004, 0.30000001192092896, -0.800000011920929], 14: [-0.564337968826294, -0.08938948065042496, -0.2059420496225357, 0.800000011920929, -0.20000000298023224], 15: [0.13389497995376587, -0.5761541724205017, 1.092337965965271, 0.4000000059604645, 0.699999988079071], 16: [0.47762447595596313, 0.293734610080719, 0.53138267993927, 0.800000011920929, 0.30000001192092896], 17: [0.026876375079154968, 0.22283045947551727, 1.1495072841644287, 0.6000000238418579, 0.5], 18: [0.21780698001384735, 0.5850096344947815, 0.8131375312805176, 0.6000000238418579, 0.6000000238418579]}
1 : output: [0.20000000000000373, 0.8000000000000043]
Current Position: (-0.3062751591205597, 0.14367032051086426, 1.3916149139404297)
Current pose: (-0.3062751591205597, 0.14367032051086426, 1.3916149139404297),-0.303452088557,0.159256720756
1 : 77.4817201038 own optimal angle
Optimal Velocities- [0.18062590389, 0.813522419659] theta: -0.0327531566839
{0: [0.10377147793769836, 0.11687838286161423, -1.6715255975723267, -0.8999999761581421, -0.20000000298023224], 2: [-0.49516719579696655, 0.7763739824295044, 1.7828837633132935, -0.20000000298023224, 0.800000011920929], 3: [0.09514850378036499, -0.0588190071284771, -2.9820239543914795, 0.30000001192092896, -0.699999988079071], 4: [-0.022279338911175728, 0.40116527676582336, -2.127664089202881, -0.699999988079071, -0.10000000149011612], 5: [0.5223214030265808, -0.3759673833847046, -1.5932925939559937, 3.552713678800501e-15, -0.800000011920929], 6: [-0.15513473749160767, -0.3220028877258301, 2.048698902130127, -0.4000000059604645, 0.699999988079071], 7: [-0.6838261485099792, 0.33978596329689026, 0.4742405414581299, 0.800000011920929, 0.5], 8: [0.40729162096977234, 0.6711565852165222, -2.7233479022979736, 0.10000000149011612, -0.6000000238418579], 9: [-0.7920225262641907, 0.43060970306396484, -2.813361644744873, -0.800000011920929, -0.4000000059604645], 10: [0.3472890853881836, -0.631720244884491, 2.885669469833374, -0.800000011920929, 0.20000000298023224], 12: [0.5481657385826111, -0.10802175104618073, -2.651136636734009, -0.699999988079071, -0.4000000059604645], 13: [0.016377000138163567, 0.5915001034736633, -1.2696171998977661, 0.30000001192092896, -0.800000011920929], 14: [-0.5478312969207764, -0.09177371859550476, -0.22262261807918549, 0.800000011920929, -0.20000000298023224], 15: [0.14059440791606903, -0.5601182579994202, 1.0776489973068237, 0.4000000059604645, 0.699999988079071], 16: [0.47762447595596313, 0.293734610080719, 0.53138267993927, 0.800000011920929, 0.30000001192092896], 17: [0.026876375079154968, 0.22283045947551727, 1.1495072841644287, 0.6000000238418579, 0.5], 18: [0.2293505072593689, 0.6000784039497375, 0.8432298898696899, 0.6000000238418579, 0.6000000238418579]}
1 : output: [0.20000000000000373, 0.8000000000000043]
Current Position: (-0.3048212230205536, 0.1613893061876297, 1.3654358386993408)
Current pose: (-0.3048212230205536, 0.1613893061876297, 1.3654358386993408),-0.30159112885,0.17689646878
1 : 76.9796136548 own optimal angle
Optimal Velocities- [0.187748107987, 0.811908302945] theta: -0.0182401029243
{0: [0.10328031331300735, 0.11354249715805054, -2.3763480186462402, 1.5, -0.20000000298023224], 2: [-0.4991321861743927, 0.7894431948661804, 1.7631313800811768, 0.0, 0.0], 3: [0.09514850378036499, -0.0588190071284771, -2.9820239543914795, 0.30000001192092896, -0.699999988079071], 4: [-0.022279338911175728, 0.40116527676582336, -2.127664089202881, -0.699999988079071, -0.10000000149011612], 5: [0.5208316445350647, -0.3915872275829315, -1.6087957620620728, 3.552713678800501e-15, -0.800000011920929], 6: [-0.16041211783885956, -0.31086280941963196, 2.0077295303344727, -0.4000000059604645, 0.699999988079071], 7: [-0.6685000658035278, 0.350470632314682, 0.5956183671951294, 0.5, 0.699999988079071], 8: [0.40729162096977234, 0.6711565852165222, -2.7233479022979736, 0.10000000149011612, -0.6000000238418579], 9: [-0.8083063960075378, 0.42667487263679504, -2.654287099838257, -0.4000000059604645, -0.800000011920929], 10: [0.3322274386882782, -0.6281759738922119, 3.0338339805603027, -0.800000011920929, 0.20000000298023224], 12: [0.5157807469367981, -0.1218889057636261, -2.585836172103882, -0.699999988079071, -0.4000000059604645], 13: [0.02114928886294365, 0.5769308805465698, -1.1808488368988037, 0.699999988079071, -0.6000000238418579], 14: [-0.5323679447174072, -0.09464564919471741, -0.25280317664146423, 0.800000011920929, -0.20000000298023224], 15: [0.1463393270969391, -0.5451235771179199, 1.0315160751342773, 0.5, 0.699999988079071], 16: [0.47762447595596313, 0.293734610080719, 0.53138267993927, 0.800000011920929, 0.30000001192092896], 17: [0.026876375079154968, 0.22283045947551727, 1.1495072841644287, 0.6000000238418579, 0.5], 18: [0.24091359972953796, 0.6152375340461731, 0.929353654384613, 0.4000000059604645, 0.800000011920929]}
1 : output: [0.20000000000000373, 0.8000000000000043]
Current Position: (-0.30385300517082214, 0.17768536508083344, 1.3612490892410278)
Current pose: (-0.30385300517082214, 0.17768536508083344, 1.3612490892410278),-0.300558014896,0.193178868206
1 : 76.2632773024 own optimal angle
Optimal Velocities- [0.197883995235, 0.80949760276] theta: -0.0251698349605
{0: [0.11189883947372437, 0.13122722506523132, -1.6411069631576538, -1.0, -0.4000000059604645], 2: [-0.4991321861743927, 0.7894431948661804, 1.7631313800811768, 0.0, 0.0], 3: [0.10184895992279053, -0.05403747409582138, -2.312875270843506, 0.5, -0.5], 4: [-0.029435591772198677, 0.39581504464149475, -2.6075563430786133, -0.699999988079071, -0.20000000298023224], 5: [0.519342303276062, -0.408215194940567, -1.5797263383865356, 3.552713678800501e-15, -0.800000011920929], 6: [-0.16615399718284607, -0.3002066910266876, 2.0805768966674805, -0.4000000059604645, 0.699999988079071], 7: [-0.6547642350196838, 0.3650561571121216, 0.8321733474731445, 3.552713678800501e-15, 0.8999999761581421], 8: [0.4053744673728943, 0.6705968976020813, -2.213101863861084, 0.30000001192092896, -0.5], 9: [-0.8173354268074036, 0.42124468088150024, -2.0931105613708496, 0.10000000149011612, -0.8999999761581421], 10: [0.3171933889389038, -0.625646710395813, 3.052485227584839, -0.6000000238418579, -0.699999988079071], 12: [0.4998941123485565, -0.1290651559829712, -2.6330389976501465, -0.699999988079071, -0.4000000059604645], 13: [0.027829019352793694, 0.5689550638198853, -0.7394927144050598, 0.699999988079071, -0.699999988079071], 14: [-0.5154497027397156, -0.0989476814866066, -0.23818440735340118, 0.800000011920929, -0.20000000298023224], 15: [0.15400029718875885, -0.5286726951599121, 0.9701972007751465, 0.5, 0.699999988079071], 16: [0.47762447595596313, 0.293734610080719, 0.53138267993927, 0.800000011920929, 0.30000001192092896], 17: [0.038806356489658356, 0.240640789270401, 0.8906865119934082, 6.800000190734863, 11.399999618530273], 18: [0.25150948762893677, 0.6339409351348877, 1.109458088874817, 3.552713678800501e-15, 0.800000011920929]}
1 : output: [0.20000000000000373, 0.8000000000000043]
Current Position: (-0.30240219831466675, 0.19399608671665192, 1.3819838762283325)
Current pose: (-0.30240219831466675, 0.19399608671665192, 1.3819838762283325),-0.299429147792,0.209554575415
1 : 75.4502081705 own optimal angle
Optimal Velocities- [0.209351050057, 0.806608072291] theta: -0.0542744352816
{0: [0.11189883947372437, 0.13122722506523132, -1.6411069631576538, -1.0, -0.4000000059604645], 2: [-0.4991321861743927, 0.7894431948661804, 1.7631313800811768, 0.0, 0.0], 3: [0.10329072922468185, -0.05116937309503555, -1.8285729885101318, -0.800000011920929, 0.30000001192092896], 4: [-0.04470761865377426, 0.38898035883903503, -2.7545876502990723, -1.2999999523162842, -0.30000001192092896], 5: [0.5178476572036743, -0.42340606451034546, -1.5842485427856445, 3.552713678800501e-15, -0.800000011920929], 6: [-0.17142723500728607, -0.28859877586364746, 2.0009989738464355, -0.4000000059604645, 0.699999988079071], 7: [-0.6497025489807129, 0.3801390528678894, 1.5076936483383179, -0.30000001192092896, 0.800000011920929], 8: [0.4019543528556824, 0.6659749746322632, -1.8202006816864014, 0.20000000298023224, -0.699999988079071], 9: [-0.8215938806533813, 0.41093385219573975, -1.5616933107376099, 0.20000000298023224, -0.800000011920929], 10: [0.3065463900566101, -0.628145694732666, -2.6370153427124023, -0.4000000059604645, -0.6000000238418579], 12: [0.48404788970947266, -0.13576439023017883, -2.6080873012542725, -0.699999988079071, -0.4000000059604645], 13: [0.027829019352793694, 0.5689550638198853, -0.7394927144050598, 0.699999988079071, -0.699999988079071], 14: [-0.4990718364715576, -0.10181459039449692, -0.2553548216819763, 0.800000011920929, -0.20000000298023224], 15: [0.16262231767177582, -0.512759804725647, 0.9535652995109558, 0.5, 0.699999988079071], 16: [0.47762447595596313, 0.293734610080719, 0.53138267993927, 0.800000011920929, 0.30000001192092896], 17: [0.07174783200025558, 0.28404468297958374, 0.7970424294471741, 0.699999988079071, 0.5], 18: [0.25150948762893677, 0.6339409351348877, 1.109458088874817, 3.552713678800501e-15, 0.800000011920929]}
1 : output: [0.20000000000000373, 0.8000000000000043]
Current Position: (-0.30143415927886963, 0.2108031064271927, 1.3899352550506592)
Current pose: (-0.30143415927886963, 0.2108031064271927, 1.3899352550506592),-0.298584912874,0.226384742892
1 : 74.3661264194 own optimal angle
Optimal Velocities- [0.224574333835, 0.802502843002] theta: -0.0766679142314
{0: [0.11189883947372437, 0.13122722506523132, -1.6411069631576538, -1.0, -0.4000000059604645], 2: [-0.4991321861743927, 0.7894431948661804, 1.7631313800811768, 0.0, 0.0], 3: [0.10471037030220032, -0.05069783702492714, -2.6608200073242188, -0.5, 0.699999988079071], 4: [-0.06857653707265854, 0.3850768804550171, -2.9415595531463623, -0.4000000059604645, -0.800000011920929], 5: [0.5163589715957642, -0.4405927360057831, -1.5753750801086426, 3.552713678800501e-15, -0.800000011920929], 6: [-0.17765969038009644, -0.27604714035987854, 2.0910019874572754, -0.4000000059604645, 0.699999988079071], 7: [-0.6537461280822754, 0.3908926546573639, 2.0952281951904297, -0.4000000059604645, 0.699999988079071], 8: [0.39757806062698364, 0.6461015939712524, -1.6203535795211792, 0.30000001192092896, -0.699999988079071], 9: [-0.8226490020751953, 0.39430198073387146, -1.4227488040924072, 0.10000000149011612, -0.800000011920929], 10: [0.3065463900566101, -0.628145694732666, -2.6370153427124023, -0.4000000059604645, -0.6000000238418579], 12: [0.4687328338623047, -0.1419862061738968, -2.6611082553863525, -0.699999988079071, -0.4000000059604645], 13: [0.04167123883962631, 0.5549258589744568, -0.8199804425239563, 0.6000000238418579, -0.800000011920929], 14: [-0.48272812366485596, -0.10468393564224243, -0.16768500208854675, 0.800000011920929, -0.20000000298023224], 15: [0.16262231767177582, -0.512759804725647, 0.9535652995109558, 0.5, 0.699999988079071], 16: [0.47762447595596313, 0.293734610080719, 0.53138267993927, 0.800000011920929, 0.30000001192092896], 17: [0.08607743680477142, 0.2975922226905823, 0.6149779558181763, 0.699999988079071, 0.5], 18: [0.25344184041023254, 0.6435610055923462, 1.5762839317321777, 3.552713678800501e-15, 1.0]}
1 : output: [0.20000000000000373, 0.8000000000000043]
Current Position: (-0.300948828458786, 0.22762858867645264, 1.399833083152771)
Current pose: (-0.300948828458786, 0.22762858867645264, 1.399833083152771),-0.29825394346,0.243237662795
1 : 72.890801192 own optimal angle
Optimal Velocities- [0.245161477933, 0.796454828714] theta: -0.106373839947
{0: [0.11189883947372437, 0.13122722506523132, -1.6411069631576538, -1.0, -0.4000000059604645], 2: [-0.4991321861743927, 0.7894431948661804, 1.7631313800811768, 0.0, 0.0], 3: [0.10470660030841827, -0.05213072896003723, 2.961148738861084, 0.6000000238418579, -0.4000000059604645], 4: [-0.07574765384197235, 0.381144255399704, -2.2742600440979004, -0.10000000149011612, -1.0], 5: [0.5148650407791138, -0.45584818720817566, -1.6156498193740845, 3.552713678800501e-15, -0.800000011920929], 6: [-0.18390370905399323, -0.26349112391471863, 1.9457552433013916, -0.4000000059604645, 0.699999988079071], 7: [-0.6537461280822754, 0.3908926546573639, 2.0952281951904297, -0.4000000059604645, 0.699999988079071], 8: [0.3985561430454254, 0.6283463835716248, -1.4116843938827515, 0.20000000298023224, -0.699999988079071], 9: [-0.8210620284080505, 0.37965282797813416, -1.4207900762557983, 0.20000000298023224, -0.800000011920929], 10: [0.2939854562282562, -0.6377660036087036, -2.4182777404785156, -0.800000011920929, -0.5], 12: [0.4534508287906647, -0.14820967614650726, -2.572383403778076, -0.699999988079071, -0.4000000059604645], 13: [0.04167123883962631, 0.5549258589744568, -0.8199804425239563, 0.6000000238418579, -0.800000011920929], 14: [-0.4669265151023865, -0.10802999883890152, -0.12691453099250793, 0.800000011920929, -0.20000000298023224], 15: [0.17125068604946136, -0.49688276648521423, 0.9523652791976929, 0.5, 0.699999988079071], 16: [0.47762447595596313, 0.293734610080719, 0.53138267993927, 0.800000011920929, 0.30000001192092896], 17: [0.08607743680477142, 0.2975922226905823, 0.6149779558181763, 0.699999988079071, 0.5], 18: [0.25151631236076355, 0.6649401187896729, 1.5707963705062866, 0.20000000298023224, 0.8999999761581421]}
1 : output: [0.20000000000000373, 0.8000000000000043]
Current Position: (-0.29949837923049927, 0.2439926266670227, 1.4022480249404907)
Current pose: (-0.29949837923049927, 0.2439926266670227, 1.4022480249404907),-0.296841197059,0.259608163254
1 : 71.5489214695 own optimal angle
Optimal Velocities- [0.26374568624, 0.790495197603] theta: -0.127903140872
{0: [0.10280010849237442, 0.1216747984290123, -2.5354363918304443, -4.599999904632568, -3.200000047683716], 2: [-0.4991321861743927, 0.7894431948661804, 1.7631313800811768, 0.0, 0.0], 3: [0.12861445546150208, -0.05499580129981041, -3.095093250274658, 0.6000000238418579, -0.4000000059604645], 4: [-0.08244278281927109, 0.36941248178482056, -1.6880178451538086, 0.10000000149011612, -0.8999999761581421], 5: [0.514339804649353, -0.47212326526641846, -1.5896258354187012, 3.552713678800501e-15, -0.800000011920929], 6: [-0.18966159224510193, -0.25288528203964233, 2.0319437980651855, -0.4000000059604645, 0.699999988079071], 7: [-0.6624042391777039, 0.4055638015270233, 2.1307718753814697, -0.30000001192092896, 0.800000011920929], 8: [0.40002134442329407, 0.6131721138954163, -1.3848437070846558, -0.30000001192092896, -0.699999988079071], 9: [-0.8200160264968872, 0.36356839537620544, -1.382855772972107, 0.20000000298023224, -0.800000011920929], 10: [0.280917763710022, -0.6484479904174805, -2.5549120903015137, -0.800000011920929, -0.20000000298023224], 12: [0.4534508287906647, -0.14820967614650726, -2.572383403778076, -0.699999988079071, -0.4000000059604645], 13: [0.04167123883962631, 0.5549258589744568, -0.8199804425239563, 0.6000000238418579, -0.800000011920929], 14: [-0.4516482651233673, -0.11089882999658585, -0.18367530405521393, 0.800000011920929, -0.20000000298023224], 15: [0.18036063015460968, -0.4815363883972168, 0.9549874067306519, 0.5, 0.699999988079071], 16: [0.47762447595596313, 0.293734610080719, 0.53138267993927, 0.800000011920929, 0.30000001192092896], 17: [0.10232028365135193, 0.3082592785358429, 0.564702570438385, 0.699999988079071, 0.5], 18: [0.25152912735939026, 0.684363603591919, 1.4090455770492554, 0.6000000238418579, 0.6000000238418579]}
1 : output: [0.30000000000000426, 0.8000000000000043]
Current Position: (-0.298530638217926, 0.2618238031864166, 1.3860299587249756)
Current pose: (-0.298530638217926, 0.2618238031864166, 1.3860299587249756),-0.295620562788,0.277394193708
1 : 69.5902002253 own optimal angle
Optimal Velocities- [0.290610294477, 0.7810186305] theta: -0.142876531393
{0: [0.05694416165351868, 0.09537948668003082, -2.523460865020752, -0.6000000238418579, -0.5], 2: [-0.4991321861743927, 0.7894431948661804, 1.7631313800811768, 0.0, 0.0], 3: [0.13436415791511536, -0.05260661616921425, -2.491039276123047, 0.8999999761581421, -0.4000000059604645], 4: [-0.08435384929180145, 0.35334470868110657, -1.5751452445983887, 0.30000001192092896, -0.800000011920929], 5: [0.5133770704269409, -0.48843610286712646, -1.5797673463821411, 3.552713678800501e-15, -0.800000011920929], 6: [-0.19493208825588226, -0.24084889888763428, 2.120452880859375, -0.4000000059604645, 0.699999988079071], 7: [-0.670065701007843, 0.4202544391155243, 2.020904064178467, -0.30000001192092896, 0.800000011920929], 8: [0.4000129699707031, 0.6035900712013245, -1.876819372177124, -0.699999988079071, -0.4000000059604645], 9: [-0.8200160264968872, 0.36356839537620544, -1.382855772972107, 0.20000000298023224, -0.800000011920929], 10: [0.26498091220855713, -0.6581048369407654, -2.7840490341186523, -0.800000011920929, 0.30000001192092896], 12: [0.4234731197357178, -0.16257984936237335, -2.6182565689086914, -0.699999988079071, -0.4000000059604645], 13: [0.0669797956943512, 0.5115270614624023, -1.232851505279541, 0.30000001192092896, -0.800000011920929], 14: [-0.4359099566936493, -0.11424555629491806, -0.2418028861284256, 0.800000011920929, -0.20000000298023224], 15: [0.18995578587055206, -0.4657321274280548, 0.9604004621505737, 0.5, 0.699999988079071], 16: [0.47762447595596313, 0.293734610080719, 0.53138267993927, 0.800000011920929, 0.30000001192092896], 17: [0.11857394129037857, 0.3169834315776825, 0.47319144010543823, 0.699999988079071, 0.5], 18: [0.25152912735939026, 0.684363603591919, 1.4090455770492554, 0.6000000238418579, 0.6000000238418579]}
1 : output: [0.30000000000000426, 0.8000000000000043]
Current Position: (-0.29659268260002136, 0.28064870834350586, 1.2830368280410767)
Current pose: (-0.29659268260002136, 0.28064870834350586, 1.2830368280410767),-0.292097218329,0.295837401539
1 : 67.9939490248 own optimal angle
Optimal Velocities- [0.312253758912, 0.772620239503] theta: -0.0802654551041
{0: [0.0411919429898262, 0.08629986643791199, -2.4466946125030518, -0.5, -0.699999988079071], 2: [-0.4991321861743927, 0.7894431948661804, 1.7631313800811768, 0.0, 0.0], 3: [0.1429910808801651, -0.03875918313860893, -1.706734538078308, 0.699999988079071, 3.552713678800501e-15], 4: [-0.08292008936405182, 0.3334253132343292, -1.3378803730010986, 0.30000001192092896, -0.800000011920929], 5: [0.5113898515701294, -0.5037959814071655, -1.5754200220108032, 3.552713678800501e-15, -0.800000011920929], 6: [-0.2011832743883133, -0.22929790616035461, 2.0291521549224854, -0.4000000059604645, 0.699999988079071], 7: [-0.6777337193489075, 0.4344842731952667, 1.9612891674041748, -0.30000001192092896, 0.800000011920929], 8: [0.39312782883644104, 0.5940651297569275, -2.4325294494628906, -0.800000011920929, -0.30000001192092896], 9: [-0.8184299468994141, 0.3484843373298645, -1.3646986484527588, 0.20000000298023224, -0.800000011920929], 10: [0.25340694189071655, -0.6586604118347168, 2.9083340167999268, -0.800000011920929, 0.30000001192092896], 12: [0.40876877307891846, -0.1697694957256317, -2.5849690437316895, -0.699999988079071, -0.4000000059604645], 13: [0.0669797956943512, 0.5115270614624023, -1.232851505279541, 0.30000001192092896, -0.800000011920929], 14: [-0.41872867941856384, -0.11807280778884888, -0.1076437383890152, 0.800000011920929, -0.20000000298023224], 15: [0.1985960602760315, -0.44898104667663574, 0.9439226388931274, 0.5, 0.699999988079071], 16: [0.47762447595596313, 0.293734610080719, 0.53138267993927, 0.800000011920929, 0.30000001192092896], 17: [0.1338868886232376, 0.32716280221939087, 0.5545693635940552, 0.699999988079071, 0.5], 18: [0.2548724412918091, 0.6915714740753174, 0.853132963180542, 0.6000000238418579, 0.5]}
1 : output: [0.30000000000000426, 0.8000000000000043]
Current Position: (-0.29369044303894043, 0.29805171489715576, 1.2473275661468506)
Current pose: (-0.29369044303894043, 0.29805171489715576, 1.2473275661468506),-0.2886555829,0.313070229583
1 : 66.0264330476 own optimal angle
Optimal Velocities- [0.338595951128, 0.761444171508] theta: -0.0791240967652
{0: [0.02544305846095085, 0.07435546070337296, -2.2487709522247314, -0.30000001192092896, -0.800000011920929], 2: [-0.4991321861743927, 0.7894431948661804, 1.7631313800811768, 0.0, 0.0], 3: [0.1429910808801651, -0.03875918313860893, -1.706734538078308, 0.699999988079071, 3.552713678800501e-15], 4: [-0.07861927151679993, 0.3159690201282501, -1.2155007123947144, 0.30000001192092896, -0.800000011920929], 5: [0.5103909373283386, -0.518197238445282, -1.5707963705062866, 3.552713678800501e-15, -0.800000011920929], 6: [-0.2069491744041443, -0.21775522828102112, 2.056119680404663, -0.4000000059604645, 0.699999988079071], 7: [-0.6838743686676025, 0.45071277022361755, 1.9637776613235474, -0.30000001192092896, 0.800000011920929], 8: [0.39312782883644104, 0.5940651297569275, -2.4325294494628906, -0.800000011920929, -0.30000001192092896], 9: [-0.8168445825576782, 0.3343954384326935, -1.3694099187850952, 0.20000000298023224, -0.800000011920929], 10: [0.23510612547397614, -0.6530483961105347, 2.8655056953430176, -0.800000011920929, 0.30000001192092896], 12: [0.39458125829696655, -0.17648166418075562, -2.623232841491699, -0.699999988079071, -0.4000000059604645], 13: [0.07127708941698074, 0.4951572120189667, -1.9052058458328247, -0.800000011920929, -0.20000000298023224], 14: [-0.4025709927082062, -0.12046370655298233, -0.1980622261762619, 0.800000011920929, -0.20000000298023224], 15: [0.2062801718711853, -0.43373751640319824, 0.9560474157333374, 0.5, 0.699999988079071], 16: [0.47762447595596313, 0.293734610080719, 0.53138267993927, 0.800000011920929, 0.30000001192092896], 17: [0.14919894933700562, 0.33638742566108704, 0.514384388923645, 0.699999988079071, 0.5], 18: [0.2664428949356079, 0.705447256565094, 0.7432722449302673, 0.6000000238418579, 0.5]}
1 : output: [0.30000000000000426, 0.8000000000000043]
Current Position: (-0.29030677676200867, 0.31645095348358154, 1.2515678405761719)
Current pose: (-0.29030677676200867, 0.31645095348358154, 1.2515678405761719),-0.285335644319,0.331490682279
1 : 62.7162819417 own optimal angle
Optimal Velocities- [0.381997512089, 0.740622944015] theta: -0.13080185507
{0: [0.009694980457425117, 0.05382157117128372, -2.0425913333892822, -0.20000000298023224, -0.800000011920929], 2: [-0.4991321861743927, 0.7894431948661804, 1.7631313800811768, 0.0, 0.0], 3: [0.1406022310256958, -0.03351077437400818, -1.116001844406128, 0.6000000238418579, 0.20000000298023224], 4: [-0.07384254783391953, 0.3009590804576874, -1.1776797771453857, 0.30000001192092896, -0.800000011920929], 5: [0.5094032287597656, -0.534125804901123, -1.5616296529769897, 3.552713678800501e-15, -0.800000011920929], 6: [-0.2122357338666916, -0.20574188232421875, 1.9585975408554077, -0.4000000059604645, 0.699999988079071], 7: [-0.6900224685668945, 0.46598896384239197, 1.976629614830017, -0.30000001192092896, 0.800000011920929], 8: [0.3779795467853546, 0.5845239758491516, -2.6482200622558594, -0.800000011920929, -0.20000000298023224], 9: [-0.8147373795509338, 0.3179020881652832, -1.3738667964935303, 0.20000000298023224, -0.800000011920929], 10: [0.21971803903579712, -0.6479310393333435, 2.724130392074585, -0.800000011920929, 0.30000001192092896], 12: [0.37944215536117554, -0.18271584808826447, -2.5911333560943604, -0.699999988079071, -0.4000000059604645], 13: [0.06458341330289841, 0.4912374019622803, -2.5213911533355713, -0.699999988079071, -0.30000001192092896], 14: [-0.38644203543663025, -0.12237708270549774, -0.13855084776878357, 0.800000011920929, -0.20000000298023224], 15: [0.21492931246757507, -0.4190160036087036, 0.9491302967071533, 0.5, 0.699999988079071], 16: [0.47762447595596313, 0.293734610080719, 0.53138267993927, 0.800000011920929, 0.30000001192092896], 17: [0.16405455768108368, 0.34610214829444885, 0.5960870981216431, 0.699999988079071, 0.5], 18: [0.27755600214004517, 0.7168061137199402, 0.7788169980049133, 0.6000000238418579, 0.5]}
1 : output: [0.4000000000000039, 0.7000000000000046]
Current Position: (-0.28595489263534546, 0.33439818024635315, 1.2218879461288452)
Current pose: (-0.28595489263534546, 0.33439818024635315, 1.2218879461288452),-0.280539637527,0.349283764283
1 : 58.9450416206 own optimal angle
Optimal Velocities- [0.429883363939, 0.713894066268] theta: -0.16091907677
{0: [-0.0003268411965109408, 0.036159809678792953, -1.8716018199920654, -0.10000000149011612, -0.800000011920929], 2: [-0.4991321861743927, 0.7894431948661804, 1.7631313800811768, 0.0, 0.0], 3: [0.13914990425109863, -0.03255973756313324, -0.5761545300483704, 0.5, 0.699999988079071], 4: [-0.06811118125915527, 0.2869352698326111, -1.1740961074829102, 0.4000000059604645, -0.800000011920929], 5: [0.5088783502578735, -0.5490956902503967, -1.565471887588501, 3.552713678800501e-15, -0.800000011920929], 6: [-0.2122357338666916, -0.20574188232421875, 1.9585975408554077, -0.4000000059604645, 0.699999988079071], 7: [-0.6961781978607178, 0.48031091690063477, 1.9821348190307617, -0.30000001192092896, 0.800000011920929], 8: [0.3623755872249603, 0.579005241394043, -2.787040948867798, -0.800000011920929, -0.20000000298023224], 9: [-0.8126311898231506, 0.30192095041275024, -1.350307822227478, 0.20000000298023224, -0.800000011920929], 10: [0.20434008538722992, -0.6428849101066589, 2.846637487411499, -0.800000011920929, 0.30000001192092896], 12: [0.36335742473602295, -0.18895374238491058, -2.5988657474517822, -0.699999988079071, -0.4000000059604645], 13: [0.05073711648583412, 0.48481330275535583, -2.6485109329223633, -0.6000000238418579, -0.800000011920929], 14: [-0.3718111515045166, -0.1252460926771164, -0.3039543330669403, -0.30000001192092896, -0.6000000238418579], 15: [0.22310343384742737, -0.4043220579624176, 0.9610845446586609, 0.5, 0.699999988079071], 16: [0.47762447595596313, 0.293734610080719, 0.53138267993927, 0.800000011920929, 0.30000001192092896], 17: [0.18034787476062775, 0.3572884798049927, 0.6091358661651611, 0.699999988079071, 0.5], 18: [0.29010501503944397, 0.7281599044799805, 0.6605135798454285, 0.6000000238418579, 0.5]}
1 : output: [0.4000000000000039, 0.7000000000000046]
Current Position: (-0.28160470724105835, 0.3514083921909332, 1.140360713005066)
Current pose: (-0.28160470724105835, 0.3514083921909332, 1.140360713005066),-0.274995202382,0.36580353184
1 : 53.8358344128 own optimal angle
Optimal Velocities- [0.491750713477, 0.672774613254] theta: -0.167290122452
{0: [-0.004622067790478468, 0.02136564813554287, -1.7612698078155518, 0.0, 0.0], 2: [-0.4991321861743927, 0.7894431948661804, 1.7631313800811768, 0.0, 0.0], 3: [0.13722756505012512, -0.033038511872291565, 0.16295108199119568, 0.30000001192092896, 0.699999988079071], 4: [-0.06142483651638031, 0.2710006535053253, -1.1105422973632812, 0.4000000059604645, -0.800000011920929], 5: [0.5079109072685242, -0.5656076073646545, -1.6662627458572388, 3.552713678800501e-15, -0.800000011920929], 6: [-0.21800176799297333, -0.19325418770313263, 1.9925808906555176, -0.20000000298023224, 0.8999999761581421], 7: [-0.702341616153717, 0.4956517815589905, 1.9772770404815674, -0.30000001192092896, 0.800000011920929], 8: [0.34534475207328796, 0.5754936933517456, -2.8869307041168213, -0.800000011920929, -0.20000000298023224], 9: [-0.8105260133743286, 0.2859627902507782, -1.3331661224365234, 0.20000000298023224, -0.800000011920929], 10: [0.18850071728229523, -0.637261152267456, 2.7124197483062744, -0.800000011920929, 0.30000001192092896], 12: [0.3472995460033417, -0.19615411758422852, -2.6132972240448, -0.699999988079071, -0.4000000059604645], 13: [0.02926047518849373, 0.47145184874534607, -2.3731722831726074, -0.30000001192092896, -0.800000011920929], 14: [-0.3776998817920685, -0.12331966310739517, -0.9343858957290649, -0.5, -0.30000001192092896], 15: [0.23272493481636047, -0.3891650438308716, 0.9678182601928711, 0.5, 0.699999988079071], 16: [0.47762447595596313, 0.293734610080719, 0.53138267993927, 0.800000011920929, 0.30000001192092896], 17: [0.19570259749889374, 0.36703166365623474, 0.6418597102165222, 0.699999988079071, 0.5], 18: [0.29010501503944397, 0.7281599044799805, 0.6605135798454285, 0.6000000238418579, 0.5]}
1 : output: [0.5000000000000036, 0.7000000000000046]
Current Position: (-0.27580633759498596, 0.36845073103904724, 1.0636721849441528)
Current pose: (-0.27580633759498596, 0.36845073103904724, 1.0636721849441528),-0.268113398575,0.38229718507
1 : 44.3432114325 own optimal angle
Optimal Velocities- [0.595971498447, 0.582462374307] theta: -0.241447620449
{0: [-0.0050992886535823345, 0.01802534982562065, -1.7439372539520264, 0.0, 0.0], 2: [-0.4991321861743927, 0.7894431948661804, 1.7631313800811768, 0.0, 0.0], 3: [0.1434611678123474, -0.030647605657577515, 0.7979748249053955, 0.10000000149011612, 0.699999988079071], 4: [-0.05473950132727623, 0.25604861974716187, -1.0858856439590454, 0.4000000059604645, -0.800000011920929], 5: [0.5074172616004944, -0.5826627612113953, -1.5754177570343018, 3.552713678800501e-15, -0.800000011920929], 6: [-0.22474080324172974, -0.1769407093524933, 1.7263814210891724, 3.552713678800501e-15, 1.0], 7: [-0.7085127830505371, 0.5100364089012146, 1.9799563884735107, -0.30000001192092896, 0.800000011920929], 8: [0.32931849360466003, 0.5724831223487854, -2.940683126449585, -0.800000011920929, -0.20000000298023224], 9: [-0.8084218502044678, 0.27147385478019714, -1.3473758697509766, 0.20000000298023224, -0.800000011920929], 10: [0.17171137034893036, -0.6321890950202942, 2.81453537940979, -0.800000011920929, 0.30000001192092896], 12: [0.3472995460033417, -0.19615411758422852, -2.6132972240448, -0.699999988079071, -0.4000000059604645], 13: [0.01542156282812357, 0.4571286141872406, -2.129493236541748, 0.30000001192092896, -0.800000011920929], 14: [-0.3776998817920685, -0.12331966310739517, -0.9343858957290649, -0.5, -0.30000001192092896], 15: [0.24138805270195007, -0.3720872700214386, 0.9458690285682678, 0.5, 0.699999988079071], 16: [0.47762447595596313, 0.293734610080719, 0.53138267993927, 0.800000011920929, 0.30000001192092896], 17: [0.21011091768741608, 0.37726476788520813, 0.5626441836357117, 0.699999988079071, 0.5], 18: [0.3017157316207886, 0.7390260696411133, 0.6682347655296326, 0.6000000238418579, 0.5]}
1 : output: [0.6000000000000041, 0.6000000000000041]
Current Position: (-0.26856428384780884, 0.3855290710926056, 0.9665017127990723)
Current pose: (-0.26856428384780884, 0.3855290710926056, 0.9665017127990723),-0.259564284875,0.398563856035
1 : 8.53956079956 own optimal angle
Optimal Velocities- [0.824094641844, 0.123743548228] theta: -0.68121521681
{0: [-0.0050992886535823345, 0.018502546474337578, -1.7541916370391846, 0.0, 0.0], 2: [-0.4991321861743927, 0.7894431948661804, 1.7631313800811768, 0.0, 0.0], 3: [0.14682136476039886, -0.024442598223686218, 1.2703115940093994, -0.20000000298023224, 0.699999988079071], 4: [-0.04710119962692261, 0.24207724630832672, -1.088300347328186, 0.4000000059604645, -0.800000011920929], 5: [0.5064190030097961, -0.5982592701911926, -1.5707963705062866, 3.552713678800501e-15, -0.800000011920929], 6: [-0.22761602699756622, -0.1572919636964798, 1.6638129949569702, -0.10000000149011612, 1.0], 7: [-0.7162348031997681, 0.5249494910240173, 1.982516884803772, -0.4000000059604645, 0.800000011920929], 8: [0.31283339858055115, 0.5704769492149353, -2.907010078430176, -0.800000011920929, -0.20000000298023224], 9: [-0.8057973980903625, 0.25652143359184265, -1.3496540784835815, 0.20000000298023224, -0.800000011920929], 10: [0.15589946508407593, -0.6276309490203857, 2.828711986541748, -0.800000011920929, 0.30000001192092896], 12: [0.33126917481422424, -0.20191603899002075, -2.6202774047851562, -0.8999999761581421, -0.30000001192092896], 13: [0.013990758918225765, 0.44824230670928955, -1.5753190517425537, 0.4000000059604645, -0.800000011920929], 14: [-0.38114622235298157, -0.12091891467571259, -1.3463174104690552, -0.5, -0.5], 15: [0.24909304082393646, -0.35699567198753357, 0.8519729971885681, 0.800000011920929, -0.10000000149011612], 16: [0.47762447595596313, 0.293734610080719, 0.53138267993927, 0.800000011920929, 0.30000001192092896], 17: [0.22645437717437744, 0.389470636844635, 0.5148056149482727, 0.699999988079071, 0.5], 18: [0.3138188123703003, 0.7493951916694641, 0.6358375549316406, 0.6000000238418579, 0.5]}
1 : output: [0.8000000000000043, 0.1000000000000032]
Current Position: (-0.26035603880882263, 0.4011748731136322, 0.8229169249534607)
Current pose: (-0.26035603880882263, 0.4011748731136322, 0.8229169249534607),-0.249583482739,0.412787695153
1 : -91.8655626957 own optimal angle
Optimal Velocities- [-0.0271287154455, -0.832891635954] theta: -2.02189455266
{0: [-0.005576563999056816, 0.01802534982562065, -1.7482619285583496, 0.0, 0.0], 2: [-0.4991321861743927, 0.7894431948661804, 1.7631313800811768, 0.0, 0.0], 3: [0.1468200385570526, -0.018239188939332962, 1.808698058128357, -0.20000000298023224, 0.699999988079071], 4: [-0.03946283087134361, 0.2257147580385208, -1.077131748199463, 0.30000001192092896, -0.800000011920929], 5: [0.5049328804016113, -0.6138989329338074, -1.6206353902816772, 3.552713678800501e-15, -0.800000011920929], 6: [-0.22762952744960785, -0.14101240038871765, 1.6801294088363647, -0.20000000298023224, 0.8999999761581421], 7: [-0.7229368686676025, 0.5408974885940552, 2.0286755561828613, -0.30000001192092896, 0.800000011920929], 8: [0.29734331369400024, 0.5684714913368225, -2.95100474357605, -0.800000011920929, -0.20000000298023224], 9: [-0.8036954998970032, 0.2420678734779358, -1.3530412912368774, 0.20000000298023224, -0.800000011920929], 10: [0.1410589963197708, -0.6220934987068176, 2.8309288024902344, -0.800000011920929, 0.30000001192092896], 12: [0.3108941912651062, -0.2086445689201355, -2.888859272003174, -0.8999999761581421, 0.10000000149011612], 13: [0.01733153499662876, 0.423683762550354, -1.2936018705368042, 0.4000000059604645, -0.800000011920929], 14: [-0.3840670585632324, -0.12665949761867523, -1.8937243223190308, -0.30000001192092896, -0.800000011920929], 15: [0.2553348243236542, -0.35265398025512695, 0.22513140738010406, 0.5, -0.30000001192092896], 16: [0.47762447595596313, 0.293734610080719, 0.53138267993927, 0.800000011920929, 0.30000001192092896], 17: [0.24137941002845764, 0.4011894762516022, 0.5538228154182434, 0.8999999761581421, 0.20000000298023224], 18: [0.3269100487232208, 0.7608279585838318, 0.6976889371871948, 0.6000000238418579, 0.5]}
1 : output: [3.552713678800501e-15, -0.7999999999999972]
Current Position: (-0.2521393597126007, 0.4066043496131897, 0.21749037504196167)
Current pose: (-0.2521393597126007, 0.4066043496131897, 0.21749037504196167),-0.23667251764,0.410022301674
1 : -143.056738187 own optimal angle
Optimal Velocities- [-0.666025897189, -0.500853220732] theta: -2.26191789463
{0: [-0.0050992886535823345, 0.018025385215878487, -1.7699203491210938, 0.0, 0.0], 2: [-0.4991321861743927, 0.7894431948661804, 1.7631313800811768, 0.0, 0.0], 3: [0.1468200385570526, -0.018239188939332962, 1.808698058128357, -0.20000000298023224, 0.699999988079071], 4: [-0.03278091177344322, 0.21032880246639252, -1.1680192947387695, 0.30000001192092896, -0.800000011920929], 5: [0.5039404630661011, -0.630596399307251, -1.5755259990692139, 3.552713678800501e-15, -0.800000011920929], 6: [-0.22762952744960785, -0.1290491670370102, 1.6324712038040161, -0.30000001192092896, 0.699999988079071], 7: [-0.7296540141105652, 0.5548818707466125, 1.9986908435821533, -0.30000001192092896, 0.800000011920929], 8: [0.29734331369400024, 0.5684714913368225, -2.95100474357605, -0.800000011920929, -0.20000000298023224], 9: [-0.8010653257369995, 0.22570602595806122, -1.3402948379516602, 0.20000000298023224, -0.800000011920929], 10: [0.12718036770820618, -0.6175440549850464, 2.8095107078552246, -0.800000011920929, 0.30000001192092896], 12: [0.28960317373275757, -0.21104802191257477, -3.1311137676239014, -0.699999988079071, 0.20000000298023224], 13: [0.02305837906897068, 0.4055619537830353, -1.1676722764968872, 0.4000000059604645, -0.800000011920929], 14: [-0.39187827706336975, -0.14388979971408844, -1.9350203275680542, -0.10000000149011612, -0.699999988079071], 15: [0.2620842158794403, -0.3512001037597656, -0.18111728131771088, 0.8999999761581421, -0.30000001192092896], 16: [0.47762447595596313, 0.293734610080719, 0.53138267993927, 0.800000011920929, 0.30000001192092896], 17: [0.24137941002845764, 0.4011894762516022, 0.5538228154182434, 0.8999999761581421, 0.20000000298023224], 18: [0.3385743796825409, 0.7728076577186584, 0.6959283351898193, 0.699999988079071, 0.5]}
1 : output: [-0.6999999999999971, -0.4999999999999969]
