in user codeCurrent Position: (0.29879581928253174, 0.004665600601583719, 0.2709420621395111)
Current pose: (0.29879581928253174, 0.004665600601583719, 0.2709420621395111),0.31405796327,0.00890500632582
16 : 57.4308800437 own optimal angle
Optimal Velocities- [0.448597216627, 0.702285541414] theta: 0.609513239118
{0: [0.3051210045814514, 0.3125835955142975, 1.030934453010559, -0.5772432088851929, -0.6010280847549438], 1: [-0.29659268260002136, -0.28763020038604736, 1.2509326934814453, 0.05145825073122978, 0.831743061542511], 2: [-0.31690841913223267, 0.30145490169525146, 2.3554599285125732, -0.27720409631729126, 0.7858768105506897], 3: [0.2862620949745178, -0.3021344542503357, 1.5707963705062866, -0.47660529613494873, 0.6835874915122986], 4: [-0.009870466776192188, 0.6000968813896179, 2.4291069507598877, 0.21650533378124237, -0.8047172427177429], 5: [0.5872326493263245, 0.007528769783675671, 3.081888437271118, -0.06531207263469696, -0.8307700157165527], 6: [-0.005098786670714617, -0.6129107475280762, 2.1088707447052, -0.36753273010253906, 0.747906506061554], 7: [-0.5965442657470703, -0.016330407932400703, 1.932977557182312, -0.19890017807483673, 0.8092485070228577], 8: [0.7647696733474731, 0.7436057329177856, 1.3378556966781616, -0.7976821660995483, -0.24113811552524567], 9: [-0.7639033794403076, 0.7456795573234558, 1.833037257194519, 0.019716717302799225, -0.8331000804901123], 10: [0.7568979263305664, -0.7330601811408997, 2.55098032951355, -0.8016296029090881, 0.22767184674739838], 12: [0.9071336984634399, 0.01277674175798893, 1.188018798828125, -0.7278031706809998, -0.4058903455734253], 13: [-0.012734781950712204, 0.9002822637557983, 1.5764853954315186, 0.2670120596885681, -0.7893978953361511], 14: [-0.9158961772918701, 0.007051014807075262, 2.3775041103363037, 0.8133894801139832, -0.181223526597023], 15: [-0.01034701056778431, -0.8898900747299194, 3.109041690826416, 0.42432305216789246, 0.7172129154205322], 17: [-0.30914387106895447, 0.0027565760537981987, 0.4586174786090851, 0.6690726280212402, 0.49677586555480957]}
16 : output: [0.4000000000000039, 0.7000000000000046]
Current Position: (0.29686370491981506, 0.004188294056802988, 0.34020331501960754)
Current pose: (0.29686370491981506, 0.004188294056802988, 0.34020331501960754),0.311795864515,0.00947376563786
16 : 57.0646612663 own optimal angle
Optimal Velocities- [0.453076837532, 0.699403906006] theta: 0.546469092177
{0: [0.3041527569293976, 0.3096773028373718, 1.0436302423477173, -0.6000000238418579, -0.6000000238418579], 1: [-0.29707515239715576, -0.2881130874156952, 1.2706512212753296, 0.10000000149011612, 0.800000011920929], 2: [-0.3188472390174866, 0.30339089035987854, 2.351702928543091, -0.30000001192092896, 0.800000011920929], 3: [0.2862620949745178, -0.30358636379241943, 1.6275548934936523, -0.5, 0.699999988079071], 4: [-0.008915990591049194, 0.5995950102806091, 2.500535249710083, 0.20000000298023224, -0.800000011920929], 5: [0.5872323513031006, 0.007529144175350666, -3.1415927410125732, -0.10000000149011612, -0.800000011920929], 6: [-0.006053184624761343, -0.6124241352081299, 2.1787033081054688, -0.4000000059604645, 0.699999988079071], 7: [-0.5975518226623535, -0.015376054681837559, 1.925958514213562, -0.20000000298023224, 0.800000011920929], 8: [0.764245331287384, 0.7425675988197327, 1.3773527145385742, -0.800000011920929, -0.20000000298023224], 9: [-0.7628557085990906, 0.7441250085830688, 1.8727506399154663, 3.552713678800501e-15, -0.800000011920929], 10: [0.7558583617210388, -0.7325147986412048, 2.5451550483703613, -0.800000011920929, 0.20000000298023224], 12: [0.9071417450904846, 0.013253843411803246, 1.2701416015625, -0.699999988079071, -0.4000000059604645], 13: [-0.01225760392844677, 0.899207353591919, 1.5707963705062866, 0.30000001192092896, -0.800000011920929], 14: [-0.9158961772918701, 0.007051014807075262, 2.3775041103363037, 0.8133894801139832, -0.181223526597023], 15: [-0.00939270667731762, -0.8898900747299194, 3.032989978790283, 0.4000000059604645, 0.699999988079071], 17: [-0.30721423029899597, 0.0037108412943780422, 0.48259037733078003, 0.699999988079071, 0.5], 18: [-0.013210688717663288, 0.30486270785331726, 0.5498067140579224, 0.5, 0.6000000238418579]}
16 : output: [0.5000000000000036, 0.7000000000000046]
Current Position: (0.30463066697120667, 0.010391328483819962, 0.8830880522727966)
Current pose: (0.30463066697120667, 0.010391328483819962, 0.8830880522727966),0.314685392536,0.0226309401532
16 : 56.2524954054 own optimal angle
Optimal Velocities- [0.462945016219, 0.692911506906] theta: 0.0822526708453
{0: [0.29690027236938477, 0.2903149724006653, 1.224330186843872, -0.6000000238418579, -0.6000000238418579], 1: [-0.2956251800060272, -0.27168840169906616, 1.40774405002594, 0.10000000149011612, 0.800000011920929], 2: [-0.3324413299560547, 0.32033324241638184, 2.0705385208129883, -0.30000001192092896, 0.800000011920929], 3: [0.28141579031944275, -0.29635024070739746, 2.1936659812927246, -0.5, 0.699999988079071], 4: [0.001581822638399899, 0.5956040620803833, 3.121309995651245, 0.20000000298023224, -0.800000011920929], 5: [0.5842624306678772, 0.009437136352062225, -2.388293981552124, -0.10000000149011612, -0.800000011920929], 6: [-0.012734781950712204, -0.6018034815788269, 2.109212875366211, -0.4000000059604645, 0.699999988079071], 7: [-0.6020902991294861, -0.00010679766273824498, 1.8626070022583008, -0.20000000298023224, 0.800000011920929], 8: [0.7668261528015137, 0.733780562877655, 2.066462516784668, -0.800000011920929, -0.20000000298023224], 9: [-0.7560785412788391, 0.7281020879745483, 2.1174724102020264, 3.552713678800501e-15, -0.800000011920929], 10: [0.7387061715126038, -0.7242592573165894, 2.763240098953247, -0.800000011920929, 0.20000000298023224], 12: [0.9076762199401855, 0.0008475185022689402, 1.8781466484069824, -0.699999988079071, -0.4000000059604645], 13: [-0.011780201457440853, 0.8788459897041321, 1.3175044059753418, 0.30000001192092896, -0.800000011920929], 14: [-0.9013846516609192, -0.01012734230607748, 2.1539502143859863, 0.800000011920929, -0.20000000298023224], 15: [-0.002712749410420656, -0.8957269191741943, 2.263385772705078, 0.4000000059604645, 0.699999988079071], 17: [-0.29124361276626587, 0.012777809053659439, 0.511338472366333, 0.699999988079071, 0.5], 18: [0.0006275679334066808, 0.3169507086277008, 0.7920281291007996, 0.5, 0.6000000238418579]}
16 : output: [0.5000000000000036, 0.7000000000000046]
Current Position: (0.3128701448440552, 0.02661592699587345, 1.0082743167877197)
Current pose: (0.3128701448440552, 0.02661592699587345, 1.0082743167877197),0.321317954113,0.0400151851306
16 : 55.500084853 own optimal angle
Optimal Velocities- [0.472004180352, 0.686772522874] theta: -0.0330125841382
{0: [0.2944829761981964, 0.26857587695121765, 1.5605641603469849, -0.6000000238418579, -0.6000000238418579], 1: [-0.2956251800060272, -0.25239676237106323, 1.5709632635116577, 0.10000000149011612, 0.800000011920929], 2: [-0.34216034412384033, 0.3392532169818878, 1.9078645706176758, -0.30000001192092896, 0.800000011920929], 3: [0.2732031047344208, -0.2866731584072113, 2.256474733352661, -0.5, 0.699999988079071], 4: [0.009217031300067902, 0.597588300704956, -2.417107105255127, 0.20000000298023224, -0.800000011920929], 5: [0.576785147190094, 0.0018018410773947835, -1.8748846054077148, -0.10000000149011612, -0.800000011920929], 6: [-0.018461698666214943, -0.5907343626022339, 2.053281545639038, -0.4000000059604645, 0.699999988079071], 7: [-0.607641875743866, 0.015639523044228554, 1.8353701829910278, -0.20000000298023224, 0.800000011920929], 8: [0.7667492628097534, 0.7348912358283997, 2.8841171264648438, -0.800000011920929, -0.20000000298023224], 9: [-0.7441075444221497, 0.7131693959236145, 2.452641487121582, 3.552713678800501e-15, -0.800000011920929], 10: [0.7257750630378723, -0.7201308608055115, 2.8273792266845703, -0.800000011920929, 0.20000000298023224], 12: [0.9076762199401855, 0.0008475185022689402, 1.8781466484069824, -0.699999988079071, -0.4000000059604645], 13: [-0.014165512286126614, 0.8698362708091736, 0.7505052089691162, 0.30000001192092896, -0.800000011920929], 14: [-0.8960915207862854, -0.020147645846009254, 1.4107773303985596, 0.800000011920929, -0.20000000298023224], 15: [-0.005576286464929581, -0.8908639550209045, 1.3641579151153564, 0.4000000059604645, 0.699999988079071], 17: [-0.27626481652259827, 0.021846169605851173, 0.4809126555919647, 0.699999988079071, 0.5], 18: [0.011126430705189705, 0.3290698230266571, 0.9275943040847778, 0.5, 0.6000000238418579]}
16 : output: [0.5000000000000036, 0.7000000000000046]
Current Position: (0.3211086094379425, 0.04332038387656212, 0.9886975288391113)
Current pose: (0.3211086094379425, 0.04332038387656212, 0.9886975288391113),0.329817097624,0.0565517040491
16 : 55.0444683064 own optimal angle
Optimal Velocities- [0.477450420603, 0.68299746728] theta: -0.023325268235
{0: [0.30075183510780334, 0.25508591532707214, 2.200646162033081, -0.6000000238418579, -0.6000000238418579], 1: [-0.29611024260520935, -0.23554232716560364, 1.388585090637207, 0.10000000149011612, 0.800000011920929], 2: [-0.3489657938480377, 0.35724177956581116, 1.892914056777954, -0.30000001192092896, 0.800000011920929], 3: [0.2635558247566223, -0.2721794843673706, 2.0898101329803467, -0.5, 0.699999988079071], 4: [0.005400088150054216, 0.5940081477165222, -1.7380750179290771, 0.20000000298023224, -0.800000011920929], 5: [0.5707700848579407, -0.013944409787654877, -1.7970815896987915, -0.10000000149011612, -0.800000011920929], 6: [-0.02371060475707054, -0.5796604156494141, 2.027556896209717, -0.4000000059604645, 0.699999988079071], 7: [-0.6121835112571716, 0.0309098269790411, 1.8367916345596313, -0.20000000298023224, 0.800000011920929], 8: [0.7563365697860718, 0.7364996075630188, -2.9521889686584473, -0.800000011920929, -0.20000000298023224], 9: [-0.7342328429222107, 0.70909583568573, 3.020473003387451, 3.552713678800501e-15, -0.800000011920929], 10: [0.7103100419044495, -0.7154936790466309, 2.876500368118286, -0.800000011920929, 0.20000000298023224], 12: [0.9054258465766907, -0.0001068126002792269, -2.891127586364746, -0.699999988079071, -0.4000000059604645], 13: [-0.020844800397753716, 0.8629887700080872, 0.11710022389888763, 0.30000001192092896, -0.800000011920929], 14: [-0.8960915207862854, -0.020147645846009254, 1.4107773303985596, 0.800000011920929, -0.20000000298023224], 15: [-0.00319004338234663, -0.8834039568901062, 0.9344695806503296, 0.4000000059604645, 0.699999988079071], 17: [-0.2613168954849243, 0.03186705708503723, 0.6655107140541077, 0.699999988079071, 0.5], 18: [0.021624762564897537, 0.3426763415336609, 0.9164755940437317, 0.5, 0.6000000238418579]}
16 : output: [0.5000000000000036, 0.7000000000000046]
Current Position: (0.3278966248035431, 0.0595514290034771, 0.9609178900718689)
Current pose: (0.3278966248035431, 0.0595514290034771, 0.9609178900718689),0.336969267021,0.0725357566022
16 : 54.3696478193 own optimal angle
Optimal Velocities- [0.485461354097, 0.677326891628] theta: -0.00999043539586
{0: [0.3065352439880371, 0.2527012526988983, 3.0800414085388184, -0.6000000238418579, -0.6000000238418579], 1: [-0.29707780480384827, -0.2196679711341858, 1.5760538578033447, 0.10000000149011612, 0.800000011920929], 2: [-0.35529106855392456, 0.3742915391921997, 1.893161654472351, -0.30000001192092896, 0.800000011920929], 3: [0.25391024351119995, -0.2586730420589447, 2.131911277770996, -0.5, 0.699999988079071], 4: [0.005400088150054216, 0.5854647159576416, -1.2712048292160034, 0.20000000298023224, -0.800000011920929], 5: [0.5667594075202942, -0.02921440079808235, -1.7067070007324219, -0.10000000149011612, -0.800000011920929], 6: [-0.02943747490644455, -0.5681226253509521, 2.040645122528076, -0.4000000059604645, 0.699999988079071], 7: [-0.6167340278625488, 0.045705121010541916, 1.8655868768692017, -0.20000000298023224, 0.800000011920929], 8: [0.7407777905464172, 0.7343839406967163, -2.8593480587005615, -0.800000011920929, -0.20000000298023224], 9: [-0.7290997505187988, 0.7116482853889465, -2.5489492416381836, 3.552713678800501e-15, -0.800000011920929], 10: [0.6954146027565002, -0.7103431224822998, 2.7951223850250244, -0.800000011920929, 0.20000000298023224], 12: [0.8855726718902588, -0.004878956358879805, -2.6918764114379883, -0.699999988079071, -0.4000000059604645], 13: [-0.019891683012247086, 0.8608318567276001, -0.5410008430480957, 0.30000001192092896, -0.800000011920929], 14: [-0.888434648513794, -0.02635645493865013, 0.14158065617084503, 0.800000011920929, -0.20000000298023224], 15: [0.003490845439955592, -0.8705722689628601, 0.9834181666374207, 0.4000000059604645, 0.699999988079071], 17: [-0.2468470335006714, 0.04189259186387062, 0.5572476387023926, 0.699999988079071, 0.5], 18: [0.03164713457226753, 0.35579216480255127, 0.9320148825645447, 0.5, 0.6000000238418579]}
computing w: [-0.1348021815438737, 0.09348539722875637]
computing n: [0.8217331569216617, -0.5698724583760473]
ORCA line generated: [1.4419597663367276, -0.06367056673856508]16 : output: [0.5000000000000036, 0.6000000000000041]
Current Position: (0.33760565519332886, 0.07769759744405746, 1.001591682434082)
Current pose: (0.33760565519332886, 0.07769759744405746, 1.001591682434082),0.346142817509,0.0910401031903
16 : 53.6357822063 own optimal angle
Optimal Velocities- [0.494096750668, 0.671053533948] theta: -0.054558905043
{0: [0.2978428900241852, 0.2522094249725342, -2.4895665645599365, -0.6000000238418579, -0.5], 1: [-0.29756295680999756, -0.20189091563224792, 1.5656269788742065, 0.10000000149011612, 0.800000011920929], 2: [-0.36259162425994873, 0.3918626606464386, 1.8987151384353638, -0.30000001192092896, 0.800000011920929], 3: [0.24282996356487274, -0.24277135729789734, 2.1196348667144775, -0.5, 0.699999988079071], 4: [0.009218070656061172, 0.5704036951065063, -1.2606987953186035, 0.20000000298023224, -0.800000011920929], 5: [0.5627574920654297, -0.044963836669921875, -1.6893929243087769, -0.10000000149011612, -0.800000011920929], 6: [-0.03468767926096916, -0.5576078295707703, 1.9852076768875122, -0.4000000059604645, 0.699999988079071], 7: [-0.6217917203903198, 0.05907110124826431, 1.8274022340774536, -0.20000000298023224, 0.800000011920929], 8: [0.7262937426567078, 0.7323148846626282, -2.9619874954223633, -0.800000011920929, -0.20000000298023224], 9: [-0.7348647117614746, 0.707471489906311, -1.9384896755218506, 3.552713678800501e-15, -0.800000011920929], 10: [0.6954146027565002, -0.7103431224822998, 2.7951223850250244, -0.800000011920929, 0.20000000298023224], 12: [0.8700807094573975, -0.010128314606845379, -2.642845630645752, -0.699999988079071, -0.4000000059604645], 13: [-0.013212081976234913, 0.8506450057029724, -1.01398503780365, 0.30000001192092896, -0.800000011920929], 14: [-0.8798767328262329, -0.028265371918678284, -0.27599796652793884, 0.800000011920929, -0.20000000298023224], 15: [0.010171808302402496, -0.8567171692848206, 1.0219948291778564, 0.4000000059604645, 0.699999988079071], 17: [-0.23289190232753754, 0.051915302872657776, 0.6846436262130737, 0.699999988079071, 0.5], 18: [0.041670262813568115, 0.36944252252578735, 0.8724437355995178, 0.5, 0.6000000238418579]}
computing w: [-0.24286669240417025, 0.15580786014043535]
computing n: [0.8416837092392314, -0.539970863659595]
ORCA line generated: [1.5587576402452712, -0.061189900570265854]16 : output: [0.5000000000000036, 0.7000000000000046]
Current Position: (0.34586459398269653, 0.09346335381269455, 0.9184341430664062)
Current pose: (0.34586459398269653, 0.09346335381269455, 0.9184341430664062),0.355480506937,0.106050641768
16 : 53.308718307 own optimal angle
Optimal Velocities- [0.497919282783, 0.668222142912] theta: 0.00998209284097
{0: [0.28189581632614136, 0.24112486839294434, -2.3645215034484863, -0.6000000238418579, -0.5], 1: [-0.29804542660713196, -0.18605338037014008, 1.3952250480651855, 0.10000000149011612, 0.800000011920929], 2: [-0.36892643570899963, 0.4094707667827606, 1.9059706926345825, -0.30000001192092896, 0.800000011920929], 3: [0.23416593670845032, -0.23074321448802948, 2.171771287918091, -0.5, 0.699999988079071], 4: [0.013990758918225765, 0.5528766512870789, -1.3519502878189087, -0.699999988079071, -0.20000000298023224], 5: [0.5602508187294006, -0.0597618892788887, -1.6672160625457764, -0.10000000149011612, -0.800000011920929], 6: [-0.039939988404512405, -0.545624315738678, 2.046614646911621, -0.4000000059604645, 0.699999988079071], 7: [-0.6263449788093567, 0.07387322187423706, 1.8377346992492676, -0.20000000298023224, 0.800000011920929], 8: [0.7134029269218445, 0.7302466630935669, -2.8521676063537598, -0.800000011920929, -0.20000000298023224], 9: [-0.7416075468063354, 0.6915401220321655, -1.7971432209014893, 3.552713678800501e-15, -0.800000011920929], 10: [0.6652159690856934, -0.7031475305557251, 3.0025904178619385, -0.800000011920929, 0.20000000298023224], 12: [0.8535804152488708, -0.016332171857357025, -2.5800302028656006, -0.699999988079071, -0.4000000059604645], 13: [-0.006530993152409792, 0.8357804417610168, -1.1772396564483643, 0.30000001192092896, -0.800000011920929], 14: [-0.8670584559440613, -0.03256135806441307, -0.23656035959720612, 0.800000011920929, -0.20000000298023224], 15: [0.017330214381217957, -0.8429083228111267, 1.0543460845947266, 0.4000000059604645, 0.699999988079071], 17: [-0.21798397600650787, 0.06194135546684265, 0.5977542400360107, 0.699999988079071, 0.5], 18: [0.049785446375608444, 0.38260966539382935, 0.8889889121055603, 0.5, 0.6000000238418579]}
computing w: [-0.3846364453385871, 0.2004527105806737]
computing n: [0.8867995472592719, -0.4621542631857359]
ORCA line generated: [1.918838833480315, -0.005652295230853865]16 : output: [0.5000000000000036, 0.7000000000000046]
Current Position: (0.35364848375320435, 0.10875694453716278, 0.9460303783416748)
Current pose: (0.35364848375320435, 0.10875694453716278, 0.9460303783416748),0.362913417757,0.121604769174
16 : 52.4597722866 own optimal angle
Optimal Velocities- [0.507765247581, 0.660771441418] theta: -0.0253621892455
{0: [0.26885637640953064, 0.23197981715202332, -2.418677806854248, -0.6000000238418579, -0.5], 1: [-0.2990131378173828, -0.1548965722322464, 1.5550851821899414, 0.10000000149011612, 0.800000011920929], 2: [-0.37721362709999084, 0.4280990958213806, 1.91002357006073, -0.30000001192092896, 0.800000011920929], 3: [0.22502367198467255, -0.21679173409938812, 2.1268796920776367, -0.5, 0.699999988079071], 4: [0.013513008132576942, 0.5548818707466125, -1.9129242897033691, -0.699999988079071, 3.552713678800501e-15], 5: [0.553743302822113, -0.09128247201442719, -1.7039589881896973, -0.10000000149011612, -0.800000011920929], 6: [-0.05187211185693741, -0.5211919546127319, 2.0866332054138184, -0.4000000059604645, 0.699999988079071], 7: [-0.6303978562355042, 0.0872473418712616, 1.8684173822402954, -0.20000000298023224, 0.800000011920929], 8: [0.6990008354187012, 0.7276661396026611, -2.8919713497161865, -0.800000011920929, -0.20000000298023224], 9: [-0.7488757967948914, 0.6613714694976807, -1.6374701261520386, 3.552713678800501e-15, -0.800000011920929], 10: [0.6499408483505249, -0.7006154656410217, 2.9637410640716553, -0.800000011920929, 0.20000000298023224], 12: [0.8381949067115784, -0.023490868508815765, -2.6222715377807617, -0.699999988079071, -0.4000000059604645], 13: [-0.0022358200512826443, 0.8225634098052979, -1.245620846748352, 0.30000001192092896, -0.800000011920929], 14: [-0.8516224026679993, -0.036380037665367126, -0.24921321868896484, 0.800000011920929, -0.20000000298023224], 15: [0.023534253239631653, -0.8291487097740173, 1.05328369140625, 0.4000000059604645, 0.699999988079071], 17: [-0.20308320224285126, 0.07244948297739029, 0.588173508644104, 0.699999988079071, 0.5], 18: [0.06076603755354881, 0.39774295687675476, 0.8836574554443359, 0.6000000238418579, 0.6000000238418579]}
computing w: [-0.5698186812928521, 0.22172374900012737]
computing n: [0.9319341611601158, -0.3626275213808119]
ORCA line generated: [2.5699487937691545, -0.13832066962522882]16 : output: [0.5000000000000036, 0.7000000000000046]
Current Position: (0.36289557814598083, 0.1269291341304779, 0.9550609588623047)
Current pose: (0.36289557814598083, 0.1269291341304779, 0.9550609588623047),0.37204411263,0.139860101487
16 : 51.3742480698 own optimal angle
Optimal Velocities- [0.520192327271, 0.651033322567] theta: -0.0486759827569
{0: [0.26885637640953064, 0.23197981715202332, -2.418677806854248, -0.6000000238418579, -0.5], 1: [-0.2990131378173828, -0.1548965722322464, 1.5550851821899414, 0.10000000149011612, 0.800000011920929], 2: [-0.3850220739841461, 0.44775673747062683, 1.8966699838638306, -0.30000001192092896, 0.800000011920929], 3: [0.2038745880126953, -0.1860610395669937, 2.1656723022460938, -0.5, 0.699999988079071], 4: [0.01017129234969616, 0.5504285097122192, -2.470777988433838, -0.699999988079071, -0.10000000149011612], 5: [0.5497499108314514, -0.10657472163438797, -1.705374836921692, -0.10000000149011612, -0.800000011920929], 6: [-0.05187211185693741, -0.5211919546127319, 2.0866332054138184, -0.4000000059604645, 0.699999988079071], 7: [-0.6400330662727356, 0.11735749244689941, 1.8645769357681274, -0.20000000298023224, 0.800000011920929], 8: [0.6682831048965454, 0.7225024104118347, -2.8903648853302, -0.800000011920929, -0.20000000298023224], 9: [-0.7509523034095764, 0.6466099619865417, -1.5943019390106201, 3.552713678800501e-15, -0.800000011920929], 10: [0.6190024018287659, -0.6939370036125183, 2.853344678878784, -0.800000011920929, 0.20000000298023224], 12: [0.8049602508544922, -0.03590010851621628, -2.6337788105010986, -0.699999988079071, -0.4000000059604645], 13: [0.005877365358173847, 0.7915505170822144, -1.2522269487380981, 0.30000001192092896, -0.800000011920929], 14: [-0.820396363735199, -0.04210837185382843, -0.21341361105442047, 0.800000011920929, -0.20000000298023224], 15: [0.03498879447579384, -0.8012378215789795, 1.046811819076538, 0.4000000059604645, 0.699999988079071], 17: [-0.1886879801750183, 0.08391084522008896, 0.6170167922973633, 0.699999988079071, 0.5], 18: [0.06076603755354881, 0.39774295687675476, 0.8836574554443359, 0.6000000238418579, 0.6000000238418579]}
computing w: [-0.6434580833070096, 0.2232185549327632]
computing n: [0.9447666163168972, -0.32774386446296855]
ORCA line generated: [2.8826370796138745, -0.22506996303982785]16 : output: [0.5000000000000036, 0.7000000000000046]
Current Position: (0.37118014693260193, 0.1441560834646225, 0.9791489243507385)
Current pose: (0.37118014693260193, 0.1441560834646225, 0.9791489243507385),0.380014576843,0.157303647808
16 : 49.9413881012 own optimal angle
Optimal Velocities- [0.536309095147, 0.637822074647] theta: -0.0895893908073
{0: [0.24137941002845764, 0.21274617314338684, -2.438713788986206, -0.6000000238418579, -0.5], 1: [-0.29998093843460083, -0.12091843038797379, 1.3866106271743774, 0.10000000149011612, 0.800000011920929], 2: [-0.39968231320381165, 0.48426228761672974, 1.8805874586105347, -0.30000001192092896, 0.800000011920929], 3: [0.19283241033554077, -0.17071478068828583, 2.1871984004974365, -0.5, 0.699999988079071], 4: [0.00396763114258647, 0.547454297542572, -2.8503549098968506, -0.699999988079071, -0.20000000298023224], 5: [0.5467520952224731, -0.12330932915210724, -1.66434907913208, -0.10000000149011612, -0.800000011920929], 6: [-0.06237926334142685, -0.49885988235473633, 2.0081379413604736, -0.4000000059604645, 0.699999988079071], 7: [-0.6451126337051392, 0.1331423968076706, 1.8493046760559082, -0.20000000298023224, 0.800000011920929], 8: [0.6529969573020935, 0.7204384207725525, -2.855266571044922, -0.800000011920929, -0.20000000298023224], 9: [-0.7525143027305603, 0.6313832402229309, -1.5894490480422974, 3.552713678800501e-15, -0.800000011920929], 10: [0.6190024018287659, -0.6939370036125183, 2.853344678878784, -0.800000011920929, 0.20000000298023224], 12: [0.7881788015365601, -0.042582686990499496, -2.6424002647399902, -0.699999988079071, -0.4000000059604645], 13: [0.005877365358173847, 0.7915505170822144, -1.2522269487380981, 0.30000001192092896, -0.800000011920929], 14: [-0.8035547137260437, -0.04497269541025162, -0.19164027273654938, 0.800000011920929, -0.20000000298023224], 15: [0.03498879447579384, -0.8012378215789795, 1.046811819076538, 0.4000000059604645, 0.699999988079071], 17: [-0.16135163605213165, 0.10255256295204163, 0.5743206143379211, 0.699999988079071, 0.5], 18: [0.07222960889339447, 0.41097280383110046, 0.8118841052055359, 0.6000000238418579, 0.6000000238418579]}
computing w: [-1.2896905713294053, -0.21416442988630613]
computing n: [0.9864909974196059, 0.1638154815946013]
ORCA line generated: [-6.0219643944331365, 1.473265810952976]16 : output: [0.5000000000000036, 0.6000000000000041]
Current Position: (0.37946945428848267, 0.1609184294939041, 0.9658351540565491)
Current pose: (0.37946945428848267, 0.1609184294939041, 0.9658351540565491),0.388478139711,0.173947212513
16 : 48.500057487 own optimal angle
Optimal Velocities- [0.5521827473, 0.62413032135] theta: -0.099457886252
{0: [0.2274230718612671, 0.20217569172382355, -2.409386396408081, -0.6000000238418579, -0.6000000238418579], 1: [-0.29998093843460083, -0.10370650142431259, 1.5708779096603394, 0.10000000149011612, 0.800000011920929], 2: [-0.4065326750278473, 0.5015967488288879, 1.8947044610977173, -0.30000001192092896, 0.800000011920929], 3: [0.18275678157806396, -0.1558605283498764, 2.113285541534424, -0.5, 0.699999988079071], 4: [-0.009392810985445976, 0.5449545383453369, -2.8516886234283447, -0.699999988079071, -0.4000000059604645], 5: [0.5437557697296143, -0.14005497097969055, -1.7225539684295654, 3.552713678800501e-15, -0.800000011920929], 6: [-0.06858404725790024, -0.48795071244239807, 2.0012893676757812, -0.4000000059604645, 0.699999988079071], 7: [-0.6496911644935608, 0.1475011259317398, 1.8731480836868286, -0.20000000298023224, 0.800000011920929], 8: [0.6372416615486145, 0.7173441648483276, -2.8604907989501953, -0.800000011920929, -0.20000000298023224], 9: [-0.7545843720436096, 0.6172103881835938, -1.6041666269302368, 3.552713678800501e-15, -0.800000011920929], 10: [0.5872379541397095, -0.6852255463600159, 2.9472885131835938, -0.800000011920929, 0.20000000298023224], 12: [0.7709370851516724, -0.04878826066851616, -2.641725540161133, -0.699999988079071, -0.4000000059604645], 13: [0.013513423502445221, 0.7607498168945312, -1.2701056003570557, 0.30000001192092896, -0.800000011920929], 14: [-0.7878291606903076, -0.04783432185649872, -0.24175623059272766, 0.800000011920929, -0.20000000298023224], 15: [0.046444766223430634, -0.7750663757324219, 1.0466841459274292, 0.4000000059604645, 0.699999988079071], 17: [-0.146504208445549, 0.11211422830820084, 0.5131370425224304, 0.699999988079071, 0.5], 18: [0.08321110159158707, 0.4242093563079834, 0.7289419770240784, 0.5, 0.6000000238418579]}
computing w: [-1.4020080943060829, -0.7681633797170282]
computing n: [0.8769916173662068, 0.4805056743363233]
ORCA line generated: [-1.8251431027896012, 0.6338342191360561]16 : output: [0.6000000000000041, 0.6000000000000041]
Current Position: (0.3882535696029663, 0.17769601941108704, 0.8974480032920837)
Current pose: (0.3882535696029663, 0.17769601941108704, 0.8974480032920837),0.398131504319,0.190078749552
16 : 47.1774742115 own optimal angle
Optimal Velocities- [0.566441430863, 0.611218905014] theta: -0.0617047879386
{0: [0.21252070367336273, 0.19113320112228394, -2.3821890354156494, -0.6000000238418579, -0.6000000238418579], 1: [-0.30046623945236206, -0.08746049553155899, 1.4068559408187866, 0.10000000149011612, 0.800000011920929], 2: [-0.41387704014778137, 0.5199712514877319, 1.9074113368988037, -0.20000000298023224, 0.800000011920929], 3: [0.1736457347869873, -0.14197373390197754, 2.0839474201202393, -0.5, 0.699999988079071], 4: [-0.025617314502596855, 0.5409562587738037, -2.7326974868774414, -0.5, -0.5], 5: [0.5412300825119019, -0.15537554025650024, -1.6464835405349731, 3.552713678800501e-15, -0.800000011920929], 6: [-0.07335927337408066, -0.47757935523986816, 2.1303844451904297, -0.4000000059604645, 0.699999988079071], 7: [-0.6552920341491699, 0.16186891496181488, 1.84237802028656, -0.20000000298023224, 0.800000011920929], 8: [0.6220412850379944, 0.7147637605667114, -2.8708298206329346, -0.800000011920929, -0.20000000298023224], 9: [-0.756147563457489, 0.6040827631950378, -1.622044563293457, 3.552713678800501e-15, -0.800000011920929], 10: [0.5711709856987, -0.6816051006317139, 2.935023546218872, -0.800000011920929, 0.20000000298023224], 12: [0.7542853951454163, -0.05452018976211548, -2.656879186630249, -0.699999988079071, -0.4000000059604645], 13: [0.017808711156249046, 0.7467255592346191, -1.2463852167129517, 0.30000001192092896, -0.800000011920929], 14: [-0.7716264128684998, -0.05117941275238991, -0.15047980844974518, 0.800000011920929, -0.20000000298023224], 15: [0.052651066333055496, -0.7620393633842468, 1.03924560546875, 0.4000000059604645, 0.699999988079071], 17: [-0.13167217373847961, 0.12263462692499161, 0.6041965484619141, 0.699999988079071, 0.5], 18: [0.09420158714056015, 0.4369722902774811, 0.7846279740333557, 0.5, 0.6000000238418579]}
computing w: [-1.2132266340399758, -1.1664459703922674]
computing n: [0.7208681232429308, 0.6930722537313225]
ORCA line generated: [-1.0401052983465469, 0.4718788122917704]16 : output: [0.6000000000000041, 0.6000000000000041]
Current Position: (0.397550493478775, 0.19257231056690216, 0.8275339603424072)
Current pose: (0.397550493478775, 0.19257231056690216, 0.8275339603424072),0.40826931811,0.204234745927
16 : 46.2327109286 own optimal angle
Optimal Velocities- [0.576442498754, 0.601796053556] theta: -0.0171841104303
{0: [0.19859154522418976, 0.1800980418920517, -2.355726718902588, -0.6000000238418579, -0.6000000238418579], 1: [-0.30143415927886963, -0.07313121855258942, 1.5760166645050049, 0.10000000149011612, 0.800000011920929], 2: [-0.420746773481369, 0.5388913750648499, 1.7853927612304688, -0.20000000298023224, 0.800000011920929], 3: [0.16453783214092255, -0.12953227758407593, 2.1187586784362793, -0.5, 0.699999988079071], 4: [-0.038503795862197876, 0.5354626178741455, -2.5535876750946045, -0.30000001192092896, -0.800000011920929], 5: [0.5392669439315796, -0.1721457988023758, -1.6396105289459229, 3.552713678800501e-15, -0.800000011920929], 6: [-0.07813964039087296, -0.466718852519989, 2.047376871109009, -0.4000000059604645, 0.699999988079071], 7: [-0.659873902797699, 0.17624787986278534, 1.845955491065979, -0.20000000298023224, 0.800000011920929], 8: [0.6089052557945251, 0.7116731405258179, -2.8193373680114746, -0.800000011920929, -0.20000000298023224], 9: [-0.7582273483276367, 0.5889729857444763, -1.598825216293335, 3.552713678800501e-15, -0.800000011920929], 10: [0.5546454191207886, -0.6795980334281921, 3.012681722640991, -0.800000011920929, 0.20000000298023224], 12: [0.7382058501243591, -0.060246627777814865, -2.6331610679626465, -0.699999988079071, -0.4000000059604645], 13: [0.021626893430948257, 0.7317041754722595, -1.2694318294525146, 0.30000001192092896, -0.800000011920929], 14: [-0.7549755573272705, -0.05452131852507591, -0.22713957726955414, 0.800000011920929, -0.20000000298023224], 15: [0.05933528020977974, -0.7474871873855591, 1.066077470779419, 0.4000000059604645, 0.699999988079071], 17: [-0.11684178560972214, 0.13219870626926422, 0.507379412651062, 0.699999988079071, 0.5], 18: [0.10376091301441193, 0.44975364208221436, 0.9120365977287292, 0.5, 0.6000000238418579]}
16 : output: [0.6000000000000041, 0.6000000000000041]
Current Position: (0.4082985818386078, 0.20841780304908752, 0.8048336505889893)
Current pose: (0.4082985818386078, 0.20841780304908752, 0.8048336505889893),0.41927936302,0.219833933946
16 : 44.802504203 own optimal angle
Optimal Velocities- [0.591283282252, 0.587221018505] theta: -0.0190686992567
{0: [0.1837148219347, 0.16907097399234772, -2.3458218574523926, -0.6000000238418579, -0.6000000238418579], 1: [-0.30191677808761597, -0.054987791925668716, 1.5760148763656616, 0.10000000149011612, 0.800000011920929], 2: [-0.4261411428451538, 0.5578742027282715, 1.7871261835098267, -0.20000000298023224, 0.800000011920929], 3: [0.1549636572599411, -0.11422745138406754, 2.0846807956695557, -0.5, 0.699999988079071], 4: [-0.04757745936512947, 0.5274484157562256, -2.0493226051330566, 3.552713678800501e-15, -0.800000011920929], 5: [0.5387651324272156, -0.1879715621471405, -1.6192541122436523, 3.552713678800501e-15, -0.800000011920929], 6: [-0.07813964039087296, -0.466718852519989, 2.047376871109009, -0.4000000059604645, 0.699999988079071], 7: [-0.6634398102760315, 0.1901581734418869, 1.8833503723144531, -0.20000000298023224, 0.800000011920929], 8: [0.59529048204422, 0.7091025114059448, -2.8585236072540283, -0.800000011920929, -0.20000000298023224], 9: [-0.7597837448120117, 0.5734016299247742, -1.5991472005844116, 3.552713678800501e-15, -0.800000011920929], 10: [0.5391592979431152, -0.6759753227233887, 2.9265289306640625, -0.800000011920929, 0.20000000298023224], 12: [0.7211525440216064, -0.06740961968898773, -2.6324567794799805, -0.699999988079071, -0.4000000059604645], 13: [0.025922603905200958, 0.7157043218612671, -1.2772377729415894, 0.30000001192092896, -0.800000011920929], 14: [-0.7388966679573059, -0.057864002883434296, -0.22546203434467316, 0.800000011920929, -0.20000000298023224], 15: [0.06554306298494339, -0.7335028648376465, 1.0699071884155273, 0.4000000059604645, 0.699999988079071], 17: [-0.10011003166437149, 0.14177827537059784, 0.5776740908622742, 0.699999988079071, 0.5], 18: [0.11332622170448303, 0.46453940868377686, 0.9012088179588318, 0.6000000238418579, 0.6000000238418579]}
16 : output: [0.6000000000000041, 0.6000000000000041]
Current Position: (0.41907423734664917, 0.2233191579580307, 0.785025954246521)
Current pose: (0.41907423734664917, 0.2233191579580307, 0.785025954246521),0.43027897694,0.234515559641
16 : 43.2052580925 own optimal angle
Optimal Velocities- [0.607421502301, 0.570511667705] theta: -0.0257932886314
{0: [0.16933056712150574, 0.15708988904953003, -2.329407215118408, -0.6000000238418579, -0.6000000238418579], 1: [-0.3023994565010071, -0.03875918313860893, 1.4096282720565796, 0.10000000149011612, 0.800000011920929], 2: [-0.4261411428451538, 0.5578742027282715, 1.7871261835098267, -0.20000000298023224, 0.800000011920929], 3: [0.14633695781230927, -0.10036402195692062, 2.0625672340393066, -0.5, 0.699999988079071], 4: [-0.05474059283733368, 0.512016773223877, -1.8185383081436157, 0.20000000298023224, -0.800000011920929], 5: [0.5367699861526489, -0.2018909752368927, -1.60999596118927, 3.552713678800501e-15, -0.800000011920929], 6: [-0.09055662900209427, -0.44405823945999146, 2.131972312927246, -0.4000000059604645, 0.699999988079071], 7: [-0.6690555214881897, 0.20551998913288116, 1.8474963903427124, -0.20000000298023224, 0.800000011920929], 8: [0.5791996717453003, 0.7060595750808716, -2.883254051208496, -0.800000011920929, -0.20000000298023224], 9: [-0.7618651390075684, 0.5588719844818115, -1.6033765077590942, 3.552713678800501e-15, -0.800000011920929], 10: [0.5242131948471069, -0.6719187498092651, 2.8999178409576416, -0.800000011920929, 0.20000000298023224], 12: [0.7057003974914551, -0.07266266644001007, -2.6338000297546387, -0.699999988079071, -0.4000000059604645], 13: [0.03021818958222866, 0.7007846236228943, -1.2549967765808105, 0.30000001192092896, -0.699999988079071], 14: [-0.7244201302528381, -0.06072906777262688, -0.16942179203033447, 0.800000011920929, -0.20000000298023224], 15: [0.0712737888097763, -0.7174972891807556, 1.0389472246170044, 0.4000000059604645, 0.699999988079071], 17: [-0.0843392163515091, 0.15087668597698212, 0.4419342875480652, 0.699999988079071, 0.5], 18: [0.11332622170448303, 0.46453940868377686, 0.9012088179588318, 0.6000000238418579, 0.6000000238418579]}
16 : output: [0.6000000000000041, 0.6000000000000041]
Current Position: (0.43084967136383057, 0.23871658742427826, 0.7852092981338501)
Current pose: (0.43084967136383057, 0.23871658742427826, 0.7852092981338501),0.442052357977,0.24991504324
16 : 40.8373141966 own optimal angle
Optimal Velocities- [0.630474459441, 0.544927885539] theta: -0.0603864231102
{0: [0.15591266751289368, 0.14463885128498077, -2.3228724002838135, -0.6000000238418579, -0.6000000238418579], 1: [-0.3028848469257355, -0.022056294605135918, 1.581228494644165, 0.10000000149011612, 0.800000011920929], 2: [-0.4354727566242218, 0.594009280204773, 1.786909580230713, -0.30000001192092896, 0.800000011920929], 3: [0.13819943368434906, -0.0860317051410675, 2.0430870056152344, -0.5, 0.699999988079071], 4: [-0.055696696043014526, 0.5025861263275146, -1.3641982078552246, 0.30000001192092896, -0.800000011920929], 5: [0.5347754955291748, -0.21726445853710175, -1.6405292749404907, 3.552713678800501e-15, -0.800000011920929], 6: [-0.09724665433168411, -0.4312703609466553, 2.0727012157440186, -0.4000000059604645, 0.699999988079071], 7: [-0.6741635203361511, 0.22282062470912933, 1.8558851480484009, -0.20000000298023224, 0.800000011920929], 8: [0.5631517767906189, 0.7039585113525391, -2.893975257873535, -0.800000011920929, -0.20000000298023224], 9: [-0.7634308338165283, 0.5438783168792725, -1.6078369617462158, 3.552713678800501e-15, -0.800000011920929], 10: [0.5083163380622864, -0.6683474183082581, 2.931358814239502, -0.800000011920929, 0.20000000298023224], 12: [0.6902968883514404, -0.07983133941888809, -2.6561264991760254, -0.699999988079071, -0.4000000059604645], 13: [0.03451390564441681, 0.683864176273346, -1.236136794090271, 0.30000001192092896, -0.800000011920929], 14: [-0.7074078321456909, -0.063594289124012, -0.16122904419898987, 0.800000011920929, -0.20000000298023224], 15: [0.07748258113861084, -0.7041126489639282, 1.0563191175460815, 0.4000000059604645, 0.699999988079071], 17: [-0.07049038261175156, 0.15949054062366486, 0.5298844575881958, 0.699999988079071, 0.5], 18: [0.12575463950634003, 0.4783712923526764, 0.7606057524681091, 0.6000000238418579, 0.6000000238418579]}
16 : output: [0.6000000000000041, 0.5000000000000036]
Current Position: (0.44165971875190735, 0.2536504566669464, 0.781977653503418)
Current pose: (0.44165971875190735, 0.2536504566669464, 0.781977653503418),0.452898536234,0.264812650968
16 : 36.761726506 own optimal angle
Optimal Velocities- [0.66760944927, 0.498740481302] theta: -0.116970406047
{0: [0.14202657341957092, 0.13219478726387024, -2.316270351409912, -0.6000000238418579, -0.6000000238418579], 1: [-0.3028848469257355, -0.005355491302907467, 1.3911036252975464, 0.10000000149011612, 0.800000011920929], 2: [-0.44185709953308105, 0.6121648550033569, 1.8864645957946777, -0.30000001192092896, 0.800000011920929], 3: [0.12958469986915588, -0.07122334092855453, 2.1265294551849365, -0.5, 0.699999988079071], 4: [-0.05235360190272331, 0.48822492361068726, -1.249286413192749, 0.30000001192092896, -0.800000011920929], 5: [0.5332829356193542, -0.23313510417938232, -1.5663870573043823, 3.552713678800501e-15, -0.800000011920929], 6: [-0.10298125445842743, -0.41999903321266174, 2.1177308559417725, -0.4000000059604645, 0.699999988079071], 7: [-0.6777392625808716, 0.2377346307039261, 1.852200984954834, -0.20000000298023224, 0.800000011920929], 8: [0.5461496114730835, 0.701391875743866, -2.910292625427246, -0.800000011920929, -0.20000000298023224], 9: [-0.7649890184402466, 0.5304152369499207, -1.608020305633545, 3.552713678800501e-15, -0.800000011920929], 10: [0.49195316433906555, -0.663758397102356, 2.857004165649414, -0.800000011920929, 0.20000000298023224], 12: [0.6744313836097717, -0.08556030690670013, -2.641944408416748, -0.699999988079071, -0.4000000059604645], 13: [0.03880978003144264, 0.6705726385116577, -1.1852649450302124, 0.699999988079071, 0.5], 14: [-0.6904662847518921, -0.0655045211315155, -0.19610869884490967, 0.800000011920929, -0.20000000298023224], 15: [0.08369225263595581, -0.6907644271850586, 1.0390957593917847, 0.4000000059604645, 0.699999988079071], 17: [-0.05521002039313316, 0.16811488568782806, 0.5662243366241455, 0.699999988079071, 0.5], 18: [0.13867442309856415, 0.49319446086883545, 0.8694323301315308, 0.6000000238418579, 0.6000000238418579]}
16 : output: [0.7000000000000046, 0.5000000000000036]
Current Position: (0.4519883096218109, 0.2676389217376709, 0.7565280795097351)
Current pose: (0.4519883096218109, 0.2676389217376709, 0.7565280795097351),0.463507530143,0.278511509221
16 : 30.4915872497 own optimal angle
Optimal Velocities- [0.718086394257, 0.422843203596] theta: -0.186957906537
{0: [0.12767000496387482, 0.11927925795316696, -2.336177110671997, -0.800000011920929, -0.4000000059604645], 1: [-0.30385300517082214, 0.009436264634132385, 1.5707963705062866, 0.10000000149011612, 0.800000011920929], 2: [-0.44923892617225647, 0.6298714280128479, 1.8836232423782349, -0.20000000298023224, 0.800000011920929], 3: [0.12097404152154922, -0.0573766827583313, 2.0839033126831055, -0.699999988079071, 0.5], 4: [-0.048056989908218384, 0.472407728433609, -1.213671088218689, 0.30000001192092896, -0.800000011920929], 5: [0.5322539210319519, -0.24902395904064178, -1.5664407014846802, 3.552713678800501e-15, -0.800000011920929], 6: [-0.110151506960392, -0.40822768211364746, 2.1987040042877197, -0.4000000059604645, 0.699999988079071], 7: [-0.68337082862854, 0.2521839737892151, 1.8594284057617188, -0.20000000298023224, 0.800000011920929], 8: [0.5316855311393738, 0.6993368864059448, -2.9374892711639404, -0.800000011920929, -0.20000000298023224], 9: [-0.7670809626579285, 0.5169808268547058, -1.630051851272583, 3.552713678800501e-15, -0.800000011920929], 10: [0.4741457402706146, -0.6591665744781494, 2.882794141769409, -0.800000011920929, 0.20000000298023224], 12: [0.6580981612205505, -0.09224952012300491, -2.6998884677886963, -0.8999999761581421, 0.4000000059604645], 13: [0.035942044109106064, 0.6752443313598633, -0.6220090985298157, -0.6000000238418579, -0.6000000238418579], 14: [-0.6745942831039429, -0.068370021879673, -0.1654345691204071, 0.800000011920929, -0.20000000298023224], 15: [0.08990362286567688, -0.6759164929389954, 1.044582486152649, 0.4000000059604645, 0.699999988079071], 17: [-0.03898097947239876, 0.17866863310337067, 0.6084116697311401, 0.699999988079071, 0.5], 18: [0.14920660853385925, 0.5050920248031616, 0.797873854637146, 0.6000000238418579, 0.6000000238418579]}
16 : output: [0.7000000000000046, 0.4000000000000039]
Current Position: (0.46430137753486633, 0.28164640069007874, 0.617020845413208)
Current pose: (0.46430137753486633, 0.28164640069007874, 0.617020845413208),0.477220573976,0.290811550079
16 : 21.9674813941 own optimal angle
Optimal Velocities- [0.7728302631, 0.311733586386] theta: -0.194679972262
{0: [0.10853686183691025, 0.10637224465608597, -2.4979991912841797, 0.800000011920929, 0.20000000298023224], 1: [-0.3057895600795746, 0.02709183655679226, 1.5656627416610718, 0.10000000149011612, 0.800000011920929], 2: [-0.45514822006225586, 0.6476313471794128, 1.8096734285354614, -0.20000000298023224, 0.800000011920929], 3: [0.11092976480722427, -0.0435342900454998, 2.2538490295410156, 0.4000000059604645, -0.5], 4: [-0.04328254982829094, 0.45711788535118103, -1.217083215713501, 0.30000001192092896, -0.800000011920929], 5: [0.5312895774841309, -0.26541465520858765, -1.5751582384109497, 3.552713678800501e-15, -0.800000011920929], 6: [-0.11684658378362656, -0.39845195412635803, 2.1634292602539062, -0.4000000059604645, 0.699999988079071], 7: [-0.6890029311180115, 0.2676147222518921, 1.895484447479248, -0.20000000298023224, 0.800000011920929], 8: [0.5162592530250549, 0.6967659592628479, -2.8954365253448486, -0.800000011920929, -0.20000000298023224], 9: [-0.7686402797698975, 0.5035743713378906, -1.6308268308639526, 3.552713678800501e-15, -0.800000011920929], 10: [0.45885124802589417, -0.6555664539337158, 2.9258058071136475, -0.800000011920929, 0.20000000298023224], 12: [0.6433355808258057, -0.09224952012300491, 2.8267710208892822, -0.800000011920929, 0.30000001192092896], 13: [0.032604947686195374, 0.677204966545105, -1.3004213571548462, -0.6000000238418579, -0.800000011920929], 14: [-0.6587827205657959, -0.07123568654060364, -0.22186149656772614, 0.800000011920929, -0.20000000298023224], 15: [0.09707195311784744, -0.6616231799125671, 1.0671110153198242, 0.4000000059604645, 0.699999988079071], 17: [-0.023709572851657867, 0.18969565629959106, 0.5871276259422302, 0.699999988079071, 0.5], 18: [0.1602236032485962, 0.5184981226921082, 0.8761592507362366, 0.6000000238418579, 0.6000000238418579]}
16 : output: [0.8000000000000043, 0.30000000000000426]
Current Position: (0.47762447595596313, 0.293734610080719, 0.53138267993927)
Current pose: (0.47762447595596313, 0.293734610080719, 0.53138267993927),0.491280254878,0.301761147444
16 : -11.4185522278 own optimal angle
Optimal Velocities- [0.816839268575, -0.164978949439] theta: -0.608895010105
{0: [0.12479879707098007, 0.11784496158361435, -2.3560631275177, -2.5, -1.100000023841858], 1: [-0.3057895600795746, 0.04570465534925461, 1.5159995555877686, 0.10000000149011612, 0.800000011920929], 2: [-0.4605712890625, 0.6649438142776489, 1.7737809419631958, -0.20000000298023224, 0.800000011920929], 3: [0.11953786760568619, -0.05355953797698021, 2.365128755569458, -0.8999999761581421, -0.10000000149011612], 4: [-0.03803176060318947, 0.4428419768810272, -1.2149864435195923, 0.30000001192092896, -0.800000011920929], 5: [0.5307884216308594, -0.28134432435035706, -1.5796512365341187, 3.552713678800501e-15, -0.800000011920929], 6: [-0.12210795283317566, -0.3881882131099701, 2.0878653526306152, -0.4000000059604645, 0.699999988079071], 7: [-0.693621039390564, 0.2816140651702881, 1.861080288887024, -0.10000000149011612, 0.800000011920929], 8: [0.5162592530250549, 0.6967659592628479, -2.8954365253448486, -0.800000011920929, -0.20000000298023224], 9: [-0.7707257270812988, 0.4896995723247528, -1.6166269779205322, 3.552713678800501e-15, -0.800000011920929], 10: [0.44309768080711365, -0.6515316367149353, 2.8779990673065186, -0.800000011920929, 0.20000000298023224], 12: [0.6276090145111084, -0.08412742614746094, 2.813108205795288, -0.699999988079071, -0.4000000059604645], 13: [0.032604947686195374, 0.677204966545105, -1.3004213571548462, -0.6000000238418579, -0.800000011920929], 14: [-0.643519401550293, -0.07362349331378937, -0.16293299198150635, 0.800000011920929, -0.20000000298023224], 15: [0.10328499227762222, -0.6473692655563354, 1.0635970830917358, 0.4000000059604645, 0.699999988079071], 17: [-0.007007106207311153, 0.19930818676948547, 0.4196234345436096, 0.699999988079071, 0.5], 18: [0.17076554894447327, 0.5324591398239136, 0.7362827658653259, 0.6000000238418579, 0.6000000238418579]}
16 : output: [0.8000000000000043, -0.19999999999999662]
