in user codeCurrent Position: (-0.2869037091732025, 0.2893584966659546, 2.246865749359131)
Current pose: (-0.2869037091732025, 0.2893584966659546, 2.246865749359131),-0.296815301913,0.301714302158
2 : 112.184036887 own optimal angle
Optimal Velocities- [-0.314652346985, 0.771646515563] theta: -0.240737447926
{0: [0.28432390093803406, 0.305803507566452, 1.0353145599365234, -0.5626843571662903, -0.6146793961524963], 1: [-0.3159581124782562, -0.3108550012111664, 1.215160846710205, 0.0720973089337349, 0.8302086591720581], 3: [0.29061421751976013, -0.3074592053890228, 1.5707963705062866, -0.4768024682998657, 0.683449923992157], 4: [0.009216801263391972, 0.5799722075462341, 2.4760684967041016, 0.20656615495681763, -0.8073257803916931], 5: [0.5812016129493713, 0.006574317347258329, 3.1093780994415283, -0.05989954620599747, -0.8311777710914612], 6: [-0.0012811877531930804, -0.6058525443077087, 2.2422282695770264, -0.36952951550483704, 0.746921956539154], 7: [-0.5980632305145264, -0.020147616043686867, 1.767040729522705, -0.19920864701271057, 0.8091726303100586], 8: [0.7450225353240967, 0.7451586723327637, 1.3818260431289673, -0.7965132594108582, -0.24497158825397491], 9: [-0.744166910648346, 0.7404938340187073, 1.7480319738388062, -0.0033509505447000265, -0.8333265781402588], 10: [0.7330423593521118, -0.762122631072998, 2.674262523651123, -0.7960215210914612, 0.24656474590301514], 12: [0.8931652903556824, 0.0022790050134062767, 1.1994937658309937, -0.7282811403274536, -0.4050321877002716], 13: [0.008263242430984974, 0.883653998374939, 1.5822136402130127, 0.2597593367099762, -0.7918140888214111], 14: [-0.8922275304794312, -0.019671730697155, 2.3711130619049072, 0.8159392476081848, -0.16937410831451416], 15: [0.015419546514749527, -0.9038549661636353, 2.991349697113037, 0.4043426215648651, 0.7286641597747803], 16: [0.2958901822566986, 0.010869970545172691, 0.13823391497135162, 0.4574032127857208, 0.6965821981430054], 17: [-0.3173849582672119, -0.001538473297841847, 0.49672895669937134, 0.6700955033302307, 0.4953952729701996], 18: [-0.013687917031347752, 0.3116427958011627, 0.5672418475151062, 0.5444042086601257, 0.6309267282485962]}
2 : output: [-0.2999999999999967, 0.8000000000000043]
Current Position: (-0.287872314453125, 0.2898411154747009, 2.2414188385009766)
Current pose: (-0.287872314453125, 0.2898411154747009, 2.2414188385009766),-0.297716459522,0.302250724972
2 : 112.11665049 own optimal angle
Optimal Velocities- [-0.313744584929, 0.772016048973] theta: -0.237178450949
{0: [0.28383946418762207, 0.3048352897167206, 1.0387732982635498, -0.6000000238418579, -0.6000000238418579], 1: [-0.31547483801841736, -0.3094015419483185, 1.2299692630767822, 0.10000000149011612, 0.800000011920929], 3: [0.29061421751976013, -0.3093961179256439, 1.5760960578918457, -0.5, 0.699999988079071], 4: [0.009694261476397514, 0.5789999961853027, 2.485098123550415, 0.20000000298023224, -0.800000011920929], 5: [0.5812016129493713, 0.006574317347258329, 3.1093780994415283, -0.05989954620599747, -0.8311777710914612], 6: [-0.002235568128526211, -0.6053463816642761, 2.241150379180908, -0.4000000059604645, 0.699999988079071], 7: [-0.5980685353279114, -0.01919325441122055, 1.7783269882202148, -0.20000000298023224, 0.800000011920929], 8: [0.7455446124076843, 0.7451545000076294, 1.5653353929519653, -0.800000011920929, -0.20000000298023224], 9: [-0.7441604137420654, 0.7410125136375427, 1.772482991218567, 3.552713678800501e-15, -0.800000011920929], 10: [0.7330423593521118, -0.762122631072998, 2.674262523651123, -0.7960215210914612, 0.24656474590301514], 12: [0.8931652903556824, 0.0013246750459074974, 1.2540596723556519, -0.699999988079071, -0.4000000059604645], 13: [0.008263242430984974, 0.883653998374939, 1.5650451183319092, 0.30000001192092896, -0.800000011920929], 14: [-0.8922329545021057, -0.019194459542632103, 2.3690083026885986, 0.800000011920929, -0.20000000298023224], 15: [0.014942273497581482, -0.9043891429901123, 2.9913668632507324, 0.4000000059604645, 0.699999988079071], 16: [0.29589182138442993, 0.011347048915922642, 0.21248048543930054, 0.5, 0.699999988079071], 17: [-0.3164156377315521, -0.001538473297841847, 0.5069931745529175, 0.699999988079071, 0.5], 18: [-0.013210763223469257, 0.3116427958011627, 0.5899224281311035, 0.5, 0.6000000238418579]}
2 : output: [-0.2999999999999967, 0.8000000000000043]
Current Position: (-0.2990029752254486, 0.30628278851509094, 2.0467395782470703)
Current pose: (-0.2990029752254486, 0.30628278851509094, 2.0467395782470703),-0.306260500018,0.320362345819
2 : 111.995204975 own optimal angle
Optimal Velocities- [-0.312107497536, 0.7726793348] theta: -0.0767120874856
{0: [0.27804726362228394, 0.28789854049682617, 1.2048487663269043, -0.6000000238418579, -0.6000000238418579], 1: [-0.3135393261909485, -0.2905271351337433, 1.398305058479309, 0.10000000149011612, 0.800000011920929], 3: [0.2881790101528168, -0.30311575531959534, 2.189807415008545, -0.5, 0.699999988079071], 4: [0.01637379825115204, 0.5744900107383728, 3.0765562057495117, 0.20000000298023224, -0.800000011920929], 5: [0.5792346000671387, 0.007051215041428804, -2.4118587970733643, -0.10000000149011612, -0.800000011920929], 6: [-0.0127339418977499, -0.5922425389289856, 2.1851742267608643, -0.4000000059604645, 0.699999988079071], 7: [-0.6026023030281067, -0.0015382758574560285, 1.8618309497833252, -0.20000000298023224, 0.800000011920929], 8: [0.7517070174217224, 0.7369113564491272, 2.350616455078125, -0.800000011920929, -0.20000000298023224], 9: [-0.7384577393531799, 0.7218897342681885, 1.8878252506256104, 3.552713678800501e-15, -0.800000011920929], 10: [0.7201089262962341, -0.7574595808982849, 2.793783187866211, -0.800000011920929, 0.20000000298023224], 12: [0.8926170468330383, -0.007264182902872562, 1.8740136623382568, -0.699999988079071, -0.4000000059604645], 13: [0.007785976864397526, 0.8649725317955017, 1.2694028615951538, 0.30000001192092896, -0.800000011920929], 14: [-0.8858460187911987, -0.02873731218278408, 1.78037691116333, 0.800000011920929, -0.20000000298023224], 15: [0.022102605551481247, -0.9086337685585022, 2.151770830154419, 0.4000000059604645, 0.699999988079071], 16: [0.3070436716079712, 0.019935941323637962, 0.7736188769340515, 0.5, 0.699999988079071], 17: [-0.3033429980278015, 0.009437431581318378, 0.6048648357391357, 0.699999988079071, 0.5], 18: [-0.006053230259567499, 0.32131874561309814, 0.8409023880958557, 0.5, 0.6000000238418579]}
2 : output: [-0.2999999999999967, 0.8000000000000043]
Current Position: (-0.30674999952316284, 0.320813924074173, 1.9338501691818237)
Current pose: (-0.30674999952316284, 0.320813924074173, 1.9338501691818237),-0.312375269298,0.335621420148
2 : 112.000382449 own optimal angle
Optimal Velocities- [-0.312177318631, 0.772651128373] theta: 0.0174377233742
{0: [0.2746707499027252, 0.2695409655570984, 1.4656270742416382, -0.6000000238418579, -0.6000000238418579], 1: [-0.31402531266212463, -0.2707221508026123, 1.5759835243225098, 0.10000000149011612, 0.800000011920929], 3: [0.2761061489582062, -0.28860974311828613, 2.237722873687744, -0.5, 0.699999988079071], 4: [0.024964984506368637, 0.5729533433914185, -2.4491994380950928, 0.20000000298023224, -0.800000011920929], 5: [0.5712262988090515, -0.00010679975821403787, -1.995862603187561, -0.10000000149011612, -0.800000011920929], 6: [-0.021801123395562172, -0.5806770324707031, 2.173353433609009, -0.4000000059604645, 0.699999988079071], 7: [-0.6071451902389526, 0.015162277966737747, 1.7970058917999268, -0.20000000298023224, 0.800000011920929], 8: [0.7485461831092834, 0.7416329383850098, 3.1362078189849854, -0.800000011920929, -0.20000000298023224], 9: [-0.7301679849624634, 0.7023298740386963, 2.0346975326538086, 3.552713678800501e-15, -0.800000011920929], 10: [0.7072261571884155, -0.753301739692688, 2.859433174133301, -0.800000011920929, 0.20000000298023224], 12: [0.8946893811225891, -0.01203690655529499, 2.624061107635498, -0.699999988079071, -0.4000000059604645], 13: [0.0030135130509734154, 0.8533393740653992, 0.6780990958213806, 0.30000001192092896, -0.800000011920929], 14: [-0.885306715965271, -0.03685090318322182, 1.1637417078018188, 0.800000011920929, -0.20000000298023224], 15: [0.020194165408611298, -0.9048306941986084, 1.3655478954315186, 0.4000000059604645, 0.699999988079071], 16: [0.31627219915390015, 0.03520695120096207, 0.9367546439170837, 0.5, 0.699999988079071], 17: [-0.29076722264289856, 0.021368054673075676, 0.6356977224349976, 0.699999988079071, 0.5], 18: [-0.0031900692265480757, 0.3271273374557495, 1.0213462114334106, 0.5, 0.6000000238418579]}
2 : output: [-0.2999999999999967, 0.8000000000000043]
Current Position: (-0.31304797530174255, 0.3363383710384369, 1.874303936958313)
Current pose: (-0.31304797530174255, 0.3363383710384369, 1.874303936958313),-0.317782065486,0.351454388706
2 : 112.109040467 own optimal angle
Optimal Velocities- [-0.313642043026, 0.772057713705] theta: 0.0686399503759
{0: [0.27851757407188416, 0.251226544380188, 2.14133882522583, -0.6000000238418579, -0.6000000238418579], 1: [-0.31450843811035156, -0.25480756163597107, 1.4039528369903564, 0.10000000149011612, 0.800000011920929], 3: [0.2640334367752075, -0.27507996559143066, 2.1855225563049316, -0.5, 0.699999988079071], 4: [0.023058857768774033, 0.5658901929855347, -1.7608027458190918, 0.20000000298023224, -0.800000011920929], 5: [0.5637472867965698, -0.015853164717555046, -1.8218796253204346, -0.10000000149011612, -0.800000011920929], 6: [-0.03134608641266823, -0.5686347484588623, 2.1708014011383057, -0.4000000059604645, 0.699999988079071], 7: [-0.6111785769462585, 0.03090970404446125, 1.742562174797058, -0.20000000298023224, 0.800000011920929], 8: [0.7273238301277161, 0.742669403553009, -2.9532322883605957, -0.800000011920929, -0.20000000298023224], 9: [-0.7182709574699402, 0.6828635931015015, 2.295321464538574, 3.552713678800501e-15, -0.800000011920929], 10: [0.692840576171875, -0.7511882185935974, 2.983405351638794, -0.800000011920929, 0.20000000298023224], 12: [0.8866251111030579, -0.011560233309864998, -2.9426589012145996, -0.699999988079071, -0.4000000059604645], 13: [-0.008438377641141415, 0.8459861874580383, 0.021082283928990364, 0.30000001192092896, -0.800000011920929], 14: [-0.885306715965271, -0.03685090318322182, 1.1637417078018188, 0.800000011920929, -0.20000000298023224], 15: [0.022102423012256622, -0.8989546298980713, 1.0662130117416382, 0.4000000059604645, 0.699999988079071], 16: [0.32401835918426514, 0.04952588677406311, 0.9967774152755737, 0.5, 0.699999988079071], 17: [-0.27627214789390564, 0.03377695754170418, 0.642579197883606, 0.699999988079071, 0.5], 18: [-0.002235690364614129, 0.331490695476532, 1.1244685649871826, 0.6000000238418579, 0.6000000238418579]}
2 : output: [-0.2999999999999967, 0.8000000000000043]
Current Position: (-0.3188636898994446, 0.3504331707954407, 1.9342809915542603)
Current pose: (-0.3188636898994446, 0.3504331707954407, 1.9342809915542603),-0.324495338552,0.365238242003
2 : 111.982948402 own optimal angle
Optimal Velocities- [-0.311942200714, 0.772746082396] theta: 0.0168251367875
{0: [0.28573790192604065, 0.2469165325164795, 2.96975040435791, -0.6000000238418579, -0.6000000238418579], 1: [-0.3154776692390442, -0.23794792592525482, 1.5707963705062866, 0.10000000149011612, 0.800000011920929], 3: [0.2640334367752075, -0.27507996559143066, 2.1855225563049316, -0.5, 0.699999988079071], 4: [0.02592233009636402, 0.5563855171203613, -1.1919010877609253, 0.20000000298023224, -0.800000011920929], 5: [0.5597532391548157, -0.029214445501565933, -1.7240904569625854, -0.10000000149011612, -0.800000011920929], 6: [-0.04041476920247078, -0.5561153292655945, 2.1465165615081787, -0.4000000059604645, 0.699999988079071], 7: [-0.6157230734825134, 0.04809156060218811, 1.8077048063278198, -0.20000000298023224, 0.800000011920929], 8: [0.7108227610588074, 0.7416329383850098, -2.9661266803741455, -0.800000011920929, -0.20000000298023224], 9: [-0.7115259766578674, 0.6778039336204529, 3.0211987495422363, 3.552713678800501e-15, -0.800000011920929], 10: [0.6790107488632202, -0.7491555213928223, 2.9455020427703857, -0.800000011920929, 0.20000000298023224], 12: [0.8866251111030579, -0.011560233309864998, -2.9426589012145996, -0.699999988079071, -0.4000000059604645], 13: [-0.008916203863918781, 0.8475306034088135, -0.6089556813240051, 0.30000001192092896, -0.800000011920929], 14: [-0.8697112798690796, -0.03303886204957962, 0.06306862831115723, 0.800000011920929, -0.20000000298023224], 15: [0.028783755376935005, -0.888232409954071, 0.8977355360984802, 0.4000000059604645, 0.699999988079071], 16: [0.33226585388183594, 0.06575651466846466, 1.0681661367416382, 0.5, 0.699999988079071], 17: [-0.26468902826309204, 0.04475558176636696, 0.6300831437110901, 0.699999988079071, 0.5], 18: [-0.0008040525717660785, 0.3363392949104309, 1.270641565322876, 0.6000000238418579, 0.6000000238418579]}
2 : output: [-0.2999999999999967, 0.8000000000000043]
Current Position: (-0.3256528973579407, 0.36649465560913086, 1.9417201280593872)
Current pose: (-0.3256528973579407, 0.36649465560913086, 1.9417201280593872),-0.331394526111,0.38125742294
2 : 111.932036778 own optimal angle
Optimal Velocities- [-0.311255434452, 0.773022961476] theta: 0.00988537681925
{0: [0.27946802973747253, 0.24643152952194214, -2.618283271789551, -0.6000000238418579, -0.6000000238418579], 1: [-0.316446989774704, -0.2211112380027771, 1.4094929695129395, 0.10000000149011612, 0.800000011920929], 3: [0.24282819032669067, -0.24566218256950378, 2.1725878715515137, -0.5, 0.699999988079071], 4: [0.03069385699927807, 0.5418975949287415, -1.1623461246490479, 0.20000000298023224, -0.800000011920929], 5: [0.5572478771209717, -0.0416228212416172, -1.697581171989441, -0.10000000149011612, -0.800000011920929], 6: [-0.04948419705033302, -0.5436218976974487, 2.1407275199890137, -0.4000000059604645, 0.699999988079071], 7: [-0.6207852363586426, 0.06432285904884338, 1.8312976360321045, -0.20000000298023224, 0.800000011920929], 8: [0.6938651204109192, 0.7411182522773743, -2.9512038230895996, -0.800000011920929, -0.20000000298023224], 9: [-0.7074531316757202, 0.6782891154289246, -2.4812209606170654, 3.552713678800501e-15, -0.800000011920929], 10: [0.6631759405136108, -0.7470798492431641, 2.9928336143493652, -0.800000011920929, 0.30000001192092896], 12: [0.8663542866706848, -0.02205902338027954, -2.5734856128692627, -0.699999988079071, -0.4000000059604645], 13: [-0.0027130222879350185, 0.8405598998069763, -1.0844180583953857, 0.30000001192092896, -0.800000011920929], 14: [-0.8574643731117249, -0.033516377210617065, -0.17357639968395233, 0.800000011920929, -0.20000000298023224], 15: [0.03689930960536003, -0.8758951425552368, 1.0574413537979126, 0.4000000059604645, 0.699999988079071], 16: [0.33906424045562744, 0.07913028448820114, 1.0569270849227905, 0.5, 0.699999988079071], 17: [-0.2526341676712036, 0.056213196367025375, 0.6257330179214478, 0.699999988079071, 0.5], 18: [-0.0008040525717660785, 0.3363392949104309, 1.270641565322876, 0.6000000238418579, 0.6000000238418579]}
2 : output: [-0.2999999999999967, 0.8000000000000043]
Current Position: (-0.33147871494293213, 0.38160693645477295, 1.8550148010253906)
Current pose: (-0.33147871494293213, 0.38160693645477295, 1.8550148010253906),-0.335920367608,0.396811452942
2 : 112.144115747 own optimal angle
Optimal Velocities- [-0.314114621835, 0.771865563938] theta: 0.0852243795837
{0: [0.26210057735443115, 0.23775729537010193, -2.4532299041748047, -0.6000000238418579, -0.6000000238418579], 1: [-0.31693023443222046, -0.20429202914237976, 1.5707963705062866, 0.10000000149011612, 0.800000011920929], 3: [0.23223747313022614, -0.23025889694690704, 2.1828067302703857, -0.5, 0.699999988079071], 4: [0.03451426699757576, 0.5284333229064941, -1.3299455642700195, -0.6000000238418579, 0.20000000298023224], 5: [0.5542463660240173, -0.05403317138552666, -1.7431461811065674, -0.10000000149011612, -0.800000011920929], 6: [-0.059510163962841034, -0.5306569337844849, 2.1243736743927, -0.4000000059604645, 0.800000011920929], 7: [-0.6253376007080078, 0.08055916428565979, 1.784470558166504, -0.20000000298023224, 0.800000011920929], 8: [0.6938651204109192, 0.7411182522773743, -2.9512038230895996, -0.800000011920929, -0.20000000298023224], 9: [-0.7137073278427124, 0.6695420742034912, -1.8368666172027588, 3.552713678800501e-15, -0.800000011920929], 10: [0.6494289636611938, -0.7444398403167725, 2.852093458175659, -0.800000011920929, 0.30000001192092896], 12: [0.8535717725753784, -0.027786336839199066, -2.645301103591919, -0.699999988079071, -0.4000000059604645], 13: [0.0039683314971625805, 0.8246838450431824, -1.1721912622451782, 0.30000001192092896, -0.800000011920929], 14: [-0.8441833853721619, -0.03590288758277893, -0.16321729123592377, 0.800000011920929, -0.20000000298023224], 15: [0.044057782739400864, -0.864173948764801, 1.028207540512085, 0.4000000059604645, 0.699999988079071], 16: [0.33906424045562744, 0.07913028448820114, 1.0569270849227905, 0.5, 0.699999988079071], 17: [-0.24155516922473907, 0.0667174682021141, 0.6399933695793152, 0.699999988079071, 0.5], 18: [0.0006276009953580797, 0.3426641523838043, 1.04328453540802, 0.6000000238418579, 0.30000001192092896]}
2 : output: [-0.2999999999999967, 0.8000000000000043]
Current Position: (-0.3368370831012726, 0.39674893021583557, 1.8692179918289185)
Current pose: (-0.3368370831012726, 0.39674893021583557, 1.8692179918289185),-0.341494233153,0.411888829601
2 : 112.215251842 own optimal angle
Optimal Velocities- [-0.315072696184, 0.771474977277] theta: 0.0744230198081
{0: [0.2500530481338501, 0.22861094772815704, -2.3719725608825684, -0.6000000238418579, -0.6000000238418579], 1: [-0.3179025650024414, -0.1874924898147583, 1.3964098691940308, 0.10000000149011612, 0.800000011920929], 3: [0.2202131301164627, -0.2143901288509369, 2.178156852722168, -0.5, 0.699999988079071], 4: [0.03308209776878357, 0.5373967885971069, -1.7740389108657837, -0.5, 0.4000000059604645], 5: [0.5512464046478271, -0.06692361831665039, -1.6629886627197266, -0.10000000149011612, -0.800000011920929], 6: [-0.07001537829637527, -0.5152322053909302, 2.0982484817504883, -0.4000000059604645, 0.800000011920929], 7: [-0.6298937797546387, 0.09823773801326752, 1.9128872156143188, -0.20000000298023224, 0.800000011920929], 8: [0.6590999960899353, 0.7395606637001038, -2.967820882797241, -0.800000011920929, -0.20000000298023224], 9: [-0.7183574438095093, 0.6481355428695679, -1.6461212635040283, 3.552713678800501e-15, -0.800000011920929], 10: [0.6331824660301208, -0.7392926812171936, 2.8793673515319824, -0.800000011920929, 0.30000001192092896], 12: [0.8403052091598511, -0.03255915641784668, -2.6561102867126465, -0.699999988079071, -0.4000000059604645], 13: [0.0039683314971625805, 0.8246838450431824, -1.1721912622451782, 0.30000001192092896, -0.800000011920929], 14: [-0.831484317779541, -0.037812285125255585, -0.2217220813035965, 0.800000011920929, -0.20000000298023224], 15: [0.05074061080813408, -0.8524738550186157, 1.0383588075637817, 0.4000000059604645, 0.699999988079071], 16: [0.34587031602859497, 0.09346127510070801, 1.1005988121032715, 0.5, 0.699999988079071], 17: [-0.23048527538776398, 0.077224500477314, 0.6442022919654846, 0.699999988079071, 0.5], 18: [-0.0008040246902965009, 0.33975470066070557, 0.9387578368186951, 0.699999988079071, 0.10000000149011612]}
2 : output: [-0.2999999999999967, 0.8000000000000043]
Current Position: (-0.3426477611064911, 0.4133901298046112, 1.919431209564209)
Current pose: (-0.3426477611064911, 0.4133901298046112, 1.919431209564209),-0.348058944837,0.428277194345
2 : 112.23220452 own optimal angle
Optimal Velocities- [-0.315300946444, 0.771381719783] theta: 0.0328252384039
{0: [0.2500530481338501, 0.22861094772815704, -2.3719725608825684, -0.6000000238418579, -0.6000000238418579], 1: [-0.31838586926460266, -0.17022842168807983, 1.5707145929336548, 0.10000000149011612, 0.800000011920929], 3: [0.2086782306432724, -0.19901877641677856, 2.2291769981384277, -0.5, 0.699999988079071], 4: [0.03308209776878357, 0.5373967885971069, -1.7740389108657837, -0.5, 0.4000000059604645], 5: [0.5492531657218933, -0.08172816038131714, -1.7172600030899048, -0.10000000149011612, -0.800000011920929], 6: [-0.07956825941801071, -0.5003411769866943, 2.0993292331695557, -0.4000000059604645, 0.800000011920929], 7: [-0.6349637508392334, 0.11544434726238251, 1.8311913013458252, -0.20000000298023224, 0.800000011920929], 8: [0.6402828097343445, 0.738524854183197, -2.9632511138916016, -0.800000011920929, -0.20000000298023224], 9: [-0.7199008464813232, 0.630876362323761, -1.5802229642868042, 3.552713678800501e-15, -0.800000011920929], 10: [0.617490291595459, -0.7330815196037292, 2.813833236694336, -0.800000011920929, 0.30000001192092896], 12: [0.827080249786377, -0.03780936077237129, -2.6575965881347656, -0.699999988079071, -0.4000000059604645], 13: [0.014944973401725292, 0.7926044464111328, -1.18931245803833, 0.30000001192092896, -0.800000011920929], 14: [-0.8188177943229675, -0.040198881179094315, -0.2525867223739624, 0.800000011920929, -0.20000000298023224], 15: [0.05742449313402176, -0.8402743339538574, 0.9967586994171143, 0.4000000059604645, 0.699999988079071], 16: [0.3531634509563446, 0.10875285416841507, 1.1190545558929443, 0.5, 0.699999988079071], 17: [-0.21701975166797638, 0.09012354165315628, 0.6445273756980896, 0.699999988079071, 0.5], 18: [-0.0008040246902965009, 0.33975470066070557, 0.9387578368186951, 0.699999988079071, 0.10000000149011612]}
2 : output: [-0.2999999999999967, 0.8000000000000043]
Current Position: (-0.35042327642440796, 0.4300639033317566, 1.935225009918213)
Current pose: (-0.35042327642440796, 0.4300639033317566, 1.935225009918213),-0.356068898825,0.444863651563
2 : 112.061928121 own optimal angle
Optimal Velocities- [-0.313007100596, 0.772315349725] theta: 0.0171871682721
{0: [0.23753096163272858, 0.21947401762008667, -2.388875961303711, -0.6000000238418579, -0.6000000238418579], 1: [-0.31984174251556396, -0.15250256657600403, 1.4110268354415894, 0.10000000149011612, 0.800000011920929], 3: [0.19763131439685822, -0.18462137877941132, 2.1900062561035156, -0.5, 0.699999988079071], 4: [0.03403392434120178, 0.5439416170120239, -2.3009676933288574, -0.800000011920929, 0.20000000298023224], 5: [0.5467194318771362, -0.0955825224518776, -1.673047661781311, 3.552713678800501e-15, -0.800000011920929], 6: [-0.08864475041627884, -0.4869687557220459, 2.110644578933716, -0.4000000059604645, 0.800000011920929], 7: [-0.6395707130432129, 0.1312275230884552, 1.7082562446594238, -0.20000000298023224, 0.800000011920929], 8: [0.6220373511314392, 0.7369750738143921, -2.969078540802002, -0.800000011920929, -0.30000001192092896], 9: [-0.7193889021873474, 0.6151885986328125, -1.5661301612854004, 3.552713678800501e-15, -0.800000011920929], 10: [0.6023462414741516, -0.7268323302268982, 2.767207384109497, -0.800000011920929, 0.30000001192092896], 12: [0.8128467798233032, -0.043060220777988434, -2.6657228469848633, -0.699999988079071, -0.4000000059604645], 13: [0.02019495889544487, 0.7769137024879456, -1.1905854940414429, 0.30000001192092896, -0.800000011920929], 14: [-0.8040868043899536, -0.04306313395500183, -0.2673478126525879, 0.800000011920929, -0.20000000298023224], 15: [0.06459099799394608, -0.8264927864074707, 1.1465460062026978, 0.4000000059604645, 0.699999988079071], 16: [0.35802674293518066, 0.11975015699863434, 1.0481865406036377, 0.5, 0.699999988079071], 17: [-0.20356640219688416, 0.10302651673555374, 0.6440049409866333, 0.699999988079071, 0.5], 18: [-0.001281215576454997, 0.3373314440250397, 0.8601446747779846, 0.699999988079071, 0.20000000298023224]}
2 : output: [-0.2999999999999967, 0.8000000000000043]
Current Position: (-0.3577229380607605, 0.4467740058898926, 1.9197784662246704)
Current pose: (-0.3577229380607605, 0.4467740058898926, 1.9197784662246704),-0.363139291097,0.461659190463
2 : 112.023601565 own optimal angle
Optimal Velocities- [-0.31249040988, 0.772524555064] theta: 0.0295018508622
{0: [0.2250203788280487, 0.20889897644519806, -2.365619421005249, -0.6000000238418579, -0.6000000238418579], 1: [-0.3208085596561432, -0.13526903092861176, 1.5655744075775146, 0.10000000149011612, 0.800000011920929], 3: [0.18707242608070374, -0.16928206384181976, 2.254664421081543, -0.5, 0.699999988079071], 4: [0.026394683867692947, 0.5429574847221375, -2.884235143661499, 0.20000000298023224, -0.800000011920929], 5: [0.5442580580711365, -0.10944245755672455, -1.5751688480377197, 3.552713678800501e-15, -0.800000011920929], 6: [-0.09867928177118301, -0.4711524546146393, 2.122704029083252, -0.4000000059604645, 0.800000011920929], 7: [-0.6436022520065308, 0.14845751225948334, 1.7834497690200806, -0.20000000298023224, 0.800000011920929], 8: [0.602342963218689, 0.7354188561439514, -2.8863959312438965, -0.800000011920929, -0.30000001192092896], 9: [-0.7199008464813232, 0.5945084095001221, -1.5753788948059082, 3.552713678800501e-15, -0.800000011920929], 10: [0.5872394442558289, -0.7206835746765137, 2.7833211421966553, -0.800000011920929, 0.30000001192092896], 12: [0.7981370091438293, -0.04831107705831528, -2.632169246673584, -0.699999988079071, -0.4000000059604645], 13: [0.02639976143836975, 0.760758638381958, -1.1763874292373657, 0.30000001192092896, -0.800000011920929], 14: [-0.789925217628479, -0.046404656022787094, -0.2607579827308655, 0.800000011920929, -0.20000000298023224], 15: [0.07175365090370178, -0.8138638138771057, 1.057928204536438, 0.4000000059604645, 0.699999988079071], 16: [0.36630988121032715, 0.13745419681072235, 1.0746567249298096, 0.5, 0.6000000238418579], 17: [-0.19156357645988464, 0.11450156569480896, 0.6257113814353943, 0.699999988079071, 0.5], 18: [-0.001281215576454997, 0.3378182649612427, 0.840063750743866, 0.6000000238418579, 0.6000000238418579]}
2 : output: [-0.2999999999999967, 0.8000000000000043]
Current Position: (-0.3640512228012085, 0.4625343084335327, 1.9136302471160889)
Current pose: (-0.3640512228012085, 0.4625343084335327, 1.9136302471160889),-0.369375956667,0.477452512389
2 : 112.046774057 own optimal angle
Optimal Velocities- [-0.312802821265, 0.772398109431] theta: 0.0349623970113
{0: [0.2134818434715271, 0.19977393746376038, -2.365783452987671, -0.6000000238418579, -0.6000000238418579], 1: [-0.321294903755188, -0.11948364228010178, 1.4010789394378662, 0.10000000149011612, 0.800000011920929], 3: [0.17652000486850739, -0.1539454460144043, 2.18540620803833, -0.5, 0.699999988079071], 4: [0.027353527024388313, 0.5399066209793091, -2.0602734088897705, 0.20000000298023224, -0.800000011920929], 5: [0.5437557697296143, -0.12235257029533386, -1.6180639266967773, 3.552713678800501e-15, -0.800000011920929], 6: [-0.10919614881277084, -0.4568485915660858, 2.1009442806243896, -0.4000000059604645, 0.800000011920929], 7: [-0.6476625800132751, 0.1657014638185501, 1.7443927526474, -0.20000000298023224, 0.800000011920929], 8: [0.5842248797416687, 0.7323148846626282, -2.8430912494659424, -0.800000011920929, -0.30000001192092896], 9: [-0.7193889021873474, 0.577415943145752, -1.5662262439727783, 3.552713678800501e-15, -0.800000011920929], 10: [0.5716703534126282, -0.7155271768569946, 2.77730131149292, -0.800000011920929, 0.20000000298023224], 12: [0.7839933633804321, -0.053562767803668976, -2.6428635120391846, -0.699999988079071, -0.4000000059604645], 13: [0.03164996951818466, 0.7451770901679993, -1.172711730003357, 0.30000001192092896, -0.800000011920929], 14: [-0.7758132815361023, -0.04974683001637459, -0.2633627951145172, 0.800000011920929, -0.20000000298023224], 15: [0.07795928418636322, -0.8028009533882141, 1.101580262184143, 0.4000000059604645, 0.699999988079071], 16: [0.37412229180336, 0.15133856236934662, 0.986198365688324, 0.5, 0.6000000238418579], 17: [-0.17861132323741913, 0.12645834684371948, 0.6316516995429993, 0.699999988079071, 0.5], 18: [0.001582025084644556, 0.34363603591918945, 1.0347366333007812, 0.6000000238418579, 0.6000000238418579]}
2 : output: [-0.2999999999999967, 0.8000000000000043]
Current Position: (-0.3708760440349579, 0.4788348376750946, 1.9638794660568237)
Current pose: (-0.3708760440349579, 0.4788348376750946, 1.9638794660568237),-0.376943369552,0.493466760347
2 : 111.872810096 own optimal angle
Optimal Velocities- [-0.310456193996, 0.773344293348] theta: -0.00944215535062
{0: [0.19955183565616608, 0.18969283998012543, -2.369157314300537, -0.6000000238418579, -0.6000000238418579], 1: [-0.321294903755188, -0.1017952710390091, 1.3962570428848267, 0.10000000149011612, 0.800000011920929], 3: [0.16501642763614655, -0.138624906539917, 2.2127625942230225, -0.5, 0.699999988079071], 4: [0.026877490803599358, 0.5319095253944397, -1.5707963705062866, -0.699999988079071, 0.10000000149011612], 5: [0.5432595014572144, -0.13574755191802979, -1.5837503671646118, 3.552713678800501e-15, -0.800000011920929], 6: [-0.11923731863498688, -0.4420822560787201, 2.0881354808807373, -0.4000000059604645, 0.800000011920929], 7: [-0.6517696976661682, 0.18200097978115082, 1.7181421518325806, -0.20000000298023224, 0.800000011920929], 8: [0.5666621327400208, 0.728179395198822, -2.814333200454712, -0.800000011920929, -0.30000001192092896], 9: [-0.7188770174980164, 0.5593748688697815, -1.4291857481002808, 3.552713678800501e-15, -0.800000011920929], 10: [0.5571522116661072, -0.710894763469696, 2.784569025039673, -0.800000011920929, 0.20000000298023224], 12: [0.7693748474121094, -0.058814454823732376, -2.6326498985290527, -0.699999988079071, -0.4000000059604645], 13: [0.03737754747271538, 0.72965407371521, -1.112666130065918, 1.0, -0.10000000149011612], 14: [-0.7612213492393494, -0.05404043197631836, -0.27071818709373474, 0.800000011920929, -0.20000000298023224], 15: [0.08512969315052032, -0.7891858220100403, 1.0819758176803589, 0.4000000059604645, 0.699999988079071], 16: [0.3819079101085663, 0.16619078814983368, 0.9582974910736084, 0.5, 0.6000000238418579], 17: [-0.1666257530450821, 0.13746453821659088, 0.6192196011543274, 0.699999988079071, 0.5], 18: [0.0030137014109641314, 0.3494631350040436, 1.1455967426300049, 0.699999988079071, 0.4000000059604645]}
2 : output: [-0.2999999999999967, 0.8000000000000043]
Current Position: (-0.37721362709999084, 0.49515554308891296, 1.9352917671203613)
Current pose: (-0.37721362709999084, 0.49515554308891296, 1.9352917671203613),-0.382860237478,0.509954914401
2 : 111.992177874 own optimal angle
Optimal Velocities- [-0.312066674227, 0.772695823259] theta: 0.0161170610544
{0: [0.1865919828414917, 0.17961907386779785, -2.3761308193206787, -0.6000000238418579, -0.6000000238418579], 1: [-0.3227511942386627, -0.08602704852819443, 1.5655840635299683, 0.10000000149011612, 0.800000011920929], 3: [0.1544751524925232, -0.12427175790071487, 2.243053674697876, -0.5, 0.699999988079071], 4: [0.026398230344057083, 0.535946249961853, -2.2328407764434814, -0.6000000238418579, 0.30000001192092896], 5: [0.5422611236572266, -0.1481931507587433, -1.6179780960083008, 3.552713678800501e-15, -0.800000011920929], 6: [-0.12832626700401306, -0.42734503746032715, 2.0935232639312744, -0.4000000059604645, 0.800000011920929], 7: [-0.6558040976524353, 0.20071598887443542, 1.6775078773498535, -0.20000000298023224, 0.800000011920929], 8: [0.5666621327400208, 0.728179395198822, -2.814333200454712, -0.800000011920929, -0.30000001192092896], 9: [-0.7188770174980164, 0.5393872857093811, -1.5662550926208496, -0.10000000149011612, -0.800000011920929], 10: [0.5426587462425232, -0.7067379355430603, 2.882209539413452, -0.800000011920929, 0.20000000298023224], 12: [0.7563604712486267, -0.06454440206289291, -2.6572957038879395, -0.699999988079071, -0.4000000059604645], 13: [0.04596347361803055, 0.7199404239654541, -0.40065866708755493, 0.699999988079071, -0.30000001192092896], 14: [-0.7466756105422974, -0.05786338448524475, -0.23478825390338898, 0.800000011920929, -0.20000000298023224], 15: [0.09181492030620575, -0.7766153812408447, 1.0979465246200562, 0.4000000059604645, 0.699999988079071], 16: [0.38972052931785583, 0.18009330332279205, 1.00066339969635, 0.6000000238418579, 0.6000000238418579], 17: [-0.15369074046611786, 0.1499120146036148, 0.6315821409225464, 0.699999988079071, 0.5], 18: [0.0030136003624647856, 0.3470473289489746, 0.9011573791503906, 0.800000011920929, 0.20000000298023224]}
2 : output: [-0.2999999999999967, 0.8000000000000043]
Current Position: (-0.38404563069343567, 0.510530412197113, 1.930711269378662)
Current pose: (-0.38404563069343567, 0.510530412197113, 1.930711269378662),-0.389624393586,0.525355492453
2 : 111.894472258 own optimal angle
Optimal Velocities- [-0.310748554757, 0.773226862028] theta: 0.0185130719234
{0: [0.17555977404117584, 0.1700296401977539, -2.379485607147217, -0.6000000238418579, -0.6000000238418579], 1: [-0.3232347071170807, -0.06883377581834793, 1.3904459476470947, 0.10000000149011612, 0.800000011920929], 3: [0.14394040405750275, -0.11040365695953369, 2.1910078525543213, -0.5, 0.699999988079071], 4: [0.024486329406499863, 0.5374715328216553, -2.895503044128418, -0.800000011920929, 0.20000000298023224], 5: [0.5412629246711731, -0.16160279512405396, -1.5708550214767456, 3.552713678800501e-15, -0.800000011920929], 6: [-0.13837477564811707, -0.41312673687934875, 2.0980002880096436, -0.4000000059604645, 0.800000011920929], 7: [-0.6593729257583618, 0.2180110067129135, 1.6790988445281982, -0.20000000298023224, 0.800000011920929], 8: [0.5306938886642456, 0.7199192047119141, -2.7964603900909424, -0.800000011920929, -0.30000001192092896], 9: [-0.7199008464813232, 0.5194662809371948, -1.5707956552505493, 3.552713678800501e-15, -0.800000011920929], 10: [0.527198851108551, -0.7026711106300354, 2.912468671798706, -0.800000011920929, 0.30000001192092896], 12: [0.7413133382797241, -0.07075289636850357, -2.6561341285705566, -0.699999988079071, -0.4000000059604645], 13: [0.04596347361803055, 0.7199404239654541, -0.40065866708755493, 0.699999988079071, -0.30000001192092896], 14: [-0.733198344707489, -0.060728419572114944, -0.21171000599861145, 0.800000011920929, -0.20000000298023224], 15: [0.09850531071424484, -0.7630802989006042, 1.0918480157852173, 0.4000000059604645, 0.699999988079071], 16: [0.3980247676372528, 0.19256967306137085, 0.9228441119194031, 0.6000000238418579, 0.6000000238418579], 17: [-0.1398063451051712, 0.16188685595989227, 0.6467292904853821, 0.699999988079071, 0.5], 18: [0.005399409215897322, 0.3494950234889984, 0.6583445072174072, 0.800000011920929, 0.30000001192092896]}
2 : output: [-0.2999999999999967, 0.8000000000000043]
Current Position: (-0.3903961777687073, 0.5274341702461243, 1.8878644704818726)
Current pose: (-0.3903961777687073, 0.5274341702461243, 1.8878644704818726),-0.395334807671,0.542484603286
2 : 112.118912943 own optimal angle
Optimal Velocities- [-0.31377506948, 0.772003659458] theta: 0.057483095115
{0: [0.1626186966896057, 0.16044506430625916, -2.372835159301758, -0.6000000238418579, -0.6000000238418579], 1: [-0.3232347071170807, -0.05069156363606453, 1.5812114477157593, 0.10000000149011612, 0.800000011920929], 3: [0.13389497995376587, -0.09654273837804794, 2.2147226333618164, -0.5, 0.699999988079071], 4: [0.015419481322169304, 0.5399582982063293, 2.9354655742645264, -0.699999988079071, 0.20000000298023224], 5: [0.5407668352127075, -0.17502212524414062, -1.5664687156677246, 3.552713678800501e-15, -0.800000011920929], 6: [-0.1474699079990387, -0.39893195033073425, 2.1176345348358154, -0.4000000059604645, 0.800000011920929], 7: [-0.6634512543678284, 0.2358083575963974, 1.806126594543457, -0.20000000298023224, 0.800000011920929], 8: [0.5142742991447449, 0.7157944440841675, -2.835460662841797, -0.800000011920929, -0.30000001192092896], 9: [-0.7204205393791199, 0.5035739541053772, -1.5753751993179321, 3.552713678800501e-15, -0.800000011920929], 10: [0.510297954082489, -0.6975264549255371, 2.846097469329834, -0.800000011920929, 0.30000001192092896], 12: [0.7268290519714355, -0.07552902400493622, -2.648226022720337, -0.699999988079071, -0.4000000059604645], 13: [0.05932971090078354, 0.7147923111915588, -0.36589500308036804, 0.6000000238418579, -0.4000000059604645], 14: [-0.7202939391136169, -0.06406772136688232, -0.27448198199272156, 0.800000011920929, -0.20000000298023224], 15: [0.10471860319375992, -0.7485103607177734, 1.1036466360092163, 0.4000000059604645, 0.699999988079071], 16: [0.40780749917030334, 0.20697732269763947, 0.7948864102363586, 0.6000000238418579, 0.6000000238418579], 17: [-0.12688620388507843, 0.17482778429985046, 0.6525921821594238, 0.699999988079071, 0.5], 18: [0.01017149630934, 0.3553241789340973, 0.7658299803733826, 0.800000011920929, 0.30000001192092896]}
2 : output: [-0.2999999999999967, 0.8000000000000043]
Current Position: (-0.39675161242485046, 0.5423881411552429, 1.8815093040466309)
Current pose: (-0.39675161242485046, 0.5423881411552429, 1.8815093040466309),-0.401594495233,0.55746965587
2 : 112.08461458 own optimal angle
Optimal Velocities- [-0.313312876941, 0.772191352961] theta: 0.0622802176666
{0: [0.14968599379062653, 0.15038563311100006, -2.356210708618164, -0.6000000238418579, -0.6000000238418579], 1: [-0.32517489790916443, -0.03255484998226166, 1.5708773136138916, 0.10000000149011612, 0.800000011920929], 3: [0.12240757793188095, -0.08029896765947342, 2.212458848953247, -0.5, 0.699999988079071], 4: [0.002058986108750105, 0.5444527268409729, 2.9356577396392822, -0.699999988079071, 0.10000000149011612], 5: [0.5402321219444275, -0.18893103301525116, -1.580357313156128, 3.552713678800501e-15, -0.800000011920929], 6: [-0.1565699428319931, -0.38525068759918213, 2.113950490951538, -0.30000001192092896, 0.800000011920929], 7: [-0.6675653457641602, 0.2526640295982361, 1.7845386266708374, -0.20000000298023224, 0.800000011920929], 8: [0.4974030554294586, 0.7121848464012146, -2.842439651489258, -0.800000011920929, -0.30000001192092896], 9: [-0.7209326028823853, 0.487224817276001, -1.566163182258606, -0.10000000149011612, -0.800000011920929], 10: [0.4949336349964142, -0.6923943758010864, 2.715038299560547, -0.800000011920929, 0.30000001192092896], 12: [0.7134186625480652, -0.08126108348369598, -2.6610147953033447, -0.699999988079071, -0.4000000059604645], 13: [0.07508780062198639, 0.7091236710548401, -0.419355571269989, 0.699999988079071, -0.6000000238418579], 14: [-0.7058753967285156, -0.06645896285772324, -0.29783394932746887, 0.800000011920929, -0.20000000298023224], 15: [0.1118902936577797, -0.7329748272895813, 1.0773019790649414, 0.4000000059604645, 0.699999988079071], 16: [0.41907423734664917, 0.2213885337114334, 0.8489142656326294, 0.6000000238418579, 0.6000000238418579], 17: [-0.1158854067325592, 0.18586000800132751, 0.6234948635101318, 0.699999988079071, 0.5], 18: [0.016852518543601036, 0.364570289850235, 0.8215633034706116, 0.800000011920929, 0.4000000059604645]}
2 : output: [-0.2999999999999967, 0.8000000000000043]
Current Position: (-0.402617484331131, 0.557881236076355, 1.9273604154586792)
Current pose: (-0.402617484331131, 0.557881236076355, 1.9273604154586792),-0.408146539318,0.572724926687
2 : 112.006148257 own optimal angle
Optimal Velocities- [-0.312255070732, 0.772619709331] theta: 0.0229297117503
{0: [0.13676001131534576, 0.1398528665304184, -2.3662805557250977, -0.6000000238418579, -0.6000000238418579], 1: [-0.3256615102291107, -0.015375879593193531, 1.3965237140655518, 0.10000000149011612, 0.800000011920929], 3: [0.11093055456876755, -0.06501871347427368, 2.219204902648926, -0.5, 0.699999988079071], 4: [0.002058986108750105, 0.5444527268409729, 2.9356577396392822, -0.699999988079071, 0.10000000149011612], 5: [0.5402590036392212, -0.20189091563224792, -1.5751314163208008, 3.552713678800501e-15, -0.800000011920929], 6: [-0.16567540168762207, -0.37012550234794617, 2.004690647125244, -0.30000001192092896, 0.800000011920929], 7: [-0.672164797782898, 0.27099037170410156, 1.7616486549377441, -0.20000000298023224, 0.800000011920929], 8: [0.4810679256916046, 0.7085779905319214, -2.8315603733062744, -0.800000011920929, -0.30000001192092896], 9: [-0.7214524745941162, 0.467460036277771, -1.5799705982208252, -0.10000000149011612, -0.800000011920929], 10: [0.47860386967658997, -0.6867198348045349, 2.7650654315948486, -0.800000011920929, 0.20000000298023224], 12: [0.700039267539978, -0.08603919297456741, -2.7324485778808594, -0.4000000059604645, 0.699999988079071], 13: [0.09324333816766739, 0.6998472213745117, -0.5775492787361145, 0.5, -0.699999988079071], 14: [-0.6925147771835327, -0.0707569420337677, -0.2567560076713562, 0.800000011920929, -0.20000000298023224], 15: [0.11762858927249908, -0.7226551175117493, 1.0388352870941162, 0.4000000059604645, 0.699999988079071], 16: [0.42937830090522766, 0.2338942140340805, 0.8573039174079895, 0.6000000238418579, 0.6000000238418579], 17: [-0.1034560278058052, 0.19737866520881653, 0.6396053433418274, 0.699999988079071, 0.5], 18: [0.016852518543601036, 0.364570289850235, 0.8215633034706116, 0.800000011920929, 0.4000000059604645]}
2 : output: [-0.2999999999999967, 0.8000000000000043]
Current Position: (-0.4089789092540741, 0.5749169588088989, 1.9454773664474487)
Current pose: (-0.4089789092540741, 0.5749169588088989, 1.9454773664474487),-0.414775964586,0.589658049321
2 : 112.056264951 own optimal angle
Optimal Velocities- [-0.312930762675, 0.772346283876] theta: 0.00856117036244
{0: [0.12432089447975159, 0.1298028975725174, -2.356231451034546, -0.6000000238418579, -0.6000000238418579], 1: [-0.32614514231681824, 0.0027561099268496037, 1.5100699663162231, 0.10000000149011612, 0.800000011920929], 3: [0.09993637353181839, -0.049739304929971695, 2.1728715896606445, -0.5, 0.699999988079071], 4: [-0.011301358230412006, 0.5489505529403687, 2.8978664875030518, -0.699999988079071, 3.552713678800501e-15], 5: [0.5397629737854004, -0.2148624211549759, -1.6275053024291992, 3.552713678800501e-15, -0.800000011920929], 6: [-0.17382505536079407, -0.3550293445587158, 1.9795926809310913, -0.30000001192092896, 0.800000011920929], 7: [-0.6772366166114807, 0.2893431484699249, 1.7045692205429077, 0.6000000238418579, 0.4000000059604645], 8: [0.46230632066726685, 0.7039519548416138, -2.835293769836426, -0.800000011920929, -0.30000001192092896], 9: [-0.7224845886230469, 0.4497193694114685, -1.648369312286377, -0.4000000059604645, -0.6000000238418579], 10: [0.4637877643108368, -0.6816378235816956, 2.840930938720703, -0.800000011920929, 0.20000000298023224], 12: [0.7010615468025208, -0.08364862203598022, 2.7477054595947266, -0.699999988079071, 0.699999988079071], 13: [0.11045368015766144, 0.6869999170303345, -0.7356005311012268, 0.30000001192092896, -0.800000011920929], 14: [-0.6771602034568787, -0.07410075515508652, -0.29173558950424194, 0.800000011920929, -0.20000000298023224], 15: [0.12384591996669769, -0.7092598080635071, 1.0743224620819092, 0.4000000059604645, 0.699999988079071], 16: [0.42937830090522766, 0.2338942140340805, 0.8573039174079895, 0.6000000238418579, 0.6000000238418579], 17: [-0.1034560278058052, 0.19737866520881653, 0.6396053433418274, 0.699999988079071, 0.5], 18: [0.023056726902723312, 0.3743124008178711, 0.8818580508232117, 0.699999988079071, 0.5]}
2 : output: [-0.2999999999999967, 0.8000000000000043]
Current Position: (-0.41584065556526184, 0.5920004844665527, 1.9058300256729126)
Current pose: (-0.41584065556526184, 0.5920004844665527, 1.9058300256729126),-0.42104886333,0.606959768269
2 : 112.243972109 own optimal angle
Optimal Velocities- [-0.315459368619, 0.771316946005] theta: 0.0443307109583
{0: [0.1123645156621933, 0.11975793540477753, -2.3496663570404053, 0.4000000059604645, 0.4000000059604645], 1: [-0.3266317844390869, 0.018502511084079742, 1.3974838256835938, 0.20000000298023224, 0.800000011920929], 3: [0.08894523233175278, -0.03446546569466591, 2.1998658180236816, -0.699999988079071, 0.5], 4: [-0.028002677485346794, 0.5524517297744751, 3.0528361797332764, -0.699999988079071, -0.20000000298023224], 5: [0.5402648448944092, -0.22880597412586212, -1.6219823360443115, 3.552713678800501e-15, -0.800000011920929], 6: [-0.18293626606464386, -0.3385013937950134, 1.988106369972229, -0.30000001192092896, 0.800000011920929], 7: [-0.6782479286193848, 0.2946683168411255, 1.1215213537216187, 0.6000000238418579, 3.552713678800501e-15], 8: [0.44506868720054626, 0.6998406648635864, -2.864715814590454, -0.800000011920929, -0.30000001192092896], 9: [-0.7255269289016724, 0.4443337917327881, -2.172698974609375, -0.699999988079071, -0.20000000298023224], 10: [0.4490002691745758, -0.679043710231781, 3.0017213821411133, -0.800000011920929, 0.20000000298023224], 12: [0.6846696734428406, -0.07313771545886993, 2.495030403137207, -0.699999988079071, -0.4000000059604645], 13: [0.1276763379573822, 0.6670299172401428, -0.9268377423286438, 0.20000000298023224, -0.800000011920929], 14: [-0.6628618240356445, -0.07791832089424133, -0.25929635763168335, 0.800000011920929, -0.20000000298023224], 15: [0.1305495649576187, -0.6969279050827026, 0.9988510012626648, 0.4000000059604645, 0.699999988079071], 16: [0.43920639157295227, 0.2488280087709427, 0.8530301451683044, 0.6000000238418579, 0.6000000238418579], 17: [-0.07956499606370926, 0.21996092796325684, 0.6246693730354309, 0.699999988079071, 0.5], 18: [0.025920849293470383, 0.3806420564651489, 1.047981858253479, 0.6000000238418579, 0.6000000238418579]}
2 : output: [-0.2999999999999967, 0.8000000000000043]
Current Position: (-0.4222126007080078, 0.6076220273971558, 1.9154528379440308)
Current pose: (-0.4222126007080078, 0.6076220273971558, 1.9154528379440308),-0.427564515497,0.622530501769
2 : 112.203189227 own optimal angle
Optimal Velocities- [-0.314910268764, 0.771541293173] theta: 0.0357185377555
{0: [0.11953701823949814, 0.12597651779651642, -2.3829808235168457, 0.10000000149011612, 0.6000000238418579], 1: [-0.32614514231681824, 0.035682130604982376, 1.3705376386642456, 0.20000000298023224, 0.800000011920929], 3: [0.08894523233175278, -0.03446546569466591, 2.1998658180236816, -0.699999988079071, 0.5], 4: [-0.047570519149303436, 0.5529543161392212, -3.033106803894043, -0.699999988079071, -0.5], 5: [0.5397629737854004, -0.24372556805610657, -1.609597086906433, -0.10000000149011612, -0.800000011920929], 6: [-0.19061312079429626, -0.3239414393901825, 1.970154881477356, -0.30000001192092896, 0.800000011920929], 7: [-0.6782479286193848, 0.2946683168411255, 1.1215213537216187, 0.6000000238418579, 3.552713678800501e-15], 8: [0.4278734624385834, 0.6967594623565674, -2.8186569213867188, -0.800000011920929, -0.30000001192092896], 9: [-0.7255269289016724, 0.4443337917327881, -2.172698974609375, -0.699999988079071, -0.20000000298023224], 10: [0.43326810002326965, -0.6754994988441467, 2.9769132137298584, -0.800000011920929, 0.30000001192092896], 12: [0.6805410385131836, -0.07218731194734573, 3.1415915489196777, -0.699999988079071, -0.4000000059604645], 13: [0.13725082576274872, 0.6496922969818115, -1.0725350379943848, 0.20000000298023224, -0.800000011920929], 14: [-0.6475816369056702, -0.08174389600753784, -0.20257315039634705, 0.800000011920929, -0.20000000298023224], 15: [0.1305495649576187, -0.6969279050827026, 0.9988510012626648, 0.4000000059604645, 0.699999988079071], 16: [0.44953468441963196, 0.2628006339073181, 0.9346666932106018, 0.699999988079071, 0.5], 17: [-0.07956499606370926, 0.21996092796325684, 0.6246693730354309, 0.699999988079071, 0.5], 18: [0.027352768927812576, 0.38502901792526245, 1.1667402982711792, 0.6000000238418579, 0.6000000238418579]}
2 : output: [-0.2999999999999967, 0.8000000000000043]
Current Position: (-0.429082453250885, 0.623794436454773, 1.9381616115570068)
Current pose: (-0.429082453250885, 0.623794436454773, 1.9381616115570068),-0.434771512211,0.638577541952
2 : 112.002923518 own optimal angle
Optimal Velocities- [-0.312211585421, 0.772637282542] theta: 0.0138818130828
{0: [0.11953701823949814, 0.12597651779651642, -2.3829808235168457, 0.10000000149011612, 0.6000000238418579], 1: [-0.32565852999687195, 0.05191028490662575, 1.3554610013961792, 0.20000000298023224, 0.800000011920929], 3: [0.07461195439100266, -0.018240276724100113, 2.427839994430542, -0.8999999761581421, 0.30000001192092896], 4: [-0.07287532836198807, 0.548448383808136, -2.793581485748291, -0.6000000238418579, -0.5], 5: [0.5382692217826843, -0.2596273124217987, -1.5970958471298218, -0.10000000149011612, -0.800000011920929], 6: [-0.19829344749450684, -0.3098874092102051, 1.991730809211731, -0.30000001192092896, 0.800000011920929], 7: [-0.6751253008842468, 0.2995322346687317, 0.5197166204452515, 0.699999988079071, -0.10000000149011612], 8: [0.4107140600681305, 0.692144513130188, -2.8271429538726807, -0.800000011920929, -0.30000001192092896], 9: [-0.7306308150291443, 0.4409223794937134, -2.7039408683776855, -0.699999988079071, -0.10000000149011612], 10: [0.41512104868888855, -0.6698384284973145, 2.749379873275757, -0.800000011920929, 0.30000001192092896], 12: [0.6805410385131836, -0.07218731194734573, 3.1415915489196777, -0.699999988079071, -0.4000000059604645], 13: [0.14347614347934723, 0.6334295868873596, -1.1875063180923462, 0.20000000298023224, -0.800000011920929], 14: [-0.6328662037849426, -0.08413311839103699, -0.2080659121274948, 0.800000011920929, -0.20000000298023224], 15: [0.1439448446035385, -0.6713079810142517, 1.1331738233566284, 0.4000000059604645, 0.699999988079071], 16: [0.46184301376342773, 0.277775377035141, 0.7597858309745789, 0.699999988079071, 0.4000000059604645], 17: [-0.066669762134552, 0.23198726773262024, 0.5743746161460876, 0.699999988079071, -0.20000000298023224], 18: [0.02783016674220562, 0.3879573345184326, 1.2150146961212158, 0.6000000238418579, 0.6000000238418579]}
2 : output: [-0.2999999999999967, 0.8000000000000043]
Current Position: (-0.4354652464389801, 0.6395083069801331, 1.9732698202133179)
Current pose: (-0.4354652464389801, 0.6395083069801331, 1.9732698202133179),-0.44166970137,0.654082611046
2 : 111.789000065 own optimal angle
Optimal Velocities- [-0.309324644392, 0.773797589048] theta: -0.0184864179797
{0: [0.12287662923336029, 0.1283753514289856, -2.82155442237854, 0.20000000298023224, 0.699999988079071], 1: [-0.32420477271080017, 0.07005274295806885, 1.3614747524261475, 0.20000000298023224, 0.800000011920929], 3: [0.055510424077510834, -0.0034472388215363026, 2.6636481285095215, -0.699999988079071, 0.5], 4: [-0.09007425606250763, 0.541448175907135, -2.5711781978607178, 0.30000001192092896, -0.800000011920929], 5: [0.536274254322052, -0.2741011381149292, -1.6411192417144775, -0.10000000149011612, -0.800000011920929], 6: [-0.2059774100780487, -0.29391759634017944, 1.998151421546936, -0.30000001192092896, 0.800000011920929], 7: [-0.6659138202667236, 0.3029504418373108, 0.0091253025457263, 0.699999988079071, 3.552713678800501e-15], 8: [0.3940795958042145, 0.6885523200035095, -2.8529160022735596, -0.800000011920929, -0.30000001192092896], 9: [-0.748235821723938, 0.4350282549858093, -2.7534990310668945, -0.800000011920929, -0.4000000059604645], 10: [0.3999530076980591, -0.6637146472930908, 2.771953821182251, -0.800000011920929, 0.30000001192092896], 12: [0.6565777063369751, -0.08126039057970047, -2.603916883468628, -0.699999988079071, -0.4000000059604645], 13: [0.14970187842845917, 0.6167170405387878, -1.255076289176941, 0.20000000298023224, -0.800000011920929], 14: [-0.6186892986297607, -0.08747293055057526, -0.2854923605918884, 0.800000011920929, -0.20000000298023224], 15: [0.15160618722438812, -0.6544945240020752, 1.0680835247039795, 0.4000000059604645, 0.699999988079071], 16: [0.47369685769081116, 0.2908281087875366, 0.6560258865356445, 0.800000011920929, 0.30000001192092896], 17: [-0.05664016306400299, 0.23729893565177917, 0.09182967245578766, 1.0, -0.20000000298023224], 18: [0.02973928488790989, 0.39528536796569824, 1.214690089225769, 0.6000000238418579, 0.6000000238418579]}
2 : output: [-0.2999999999999967, 0.8000000000000043]
Current Position: (-0.4423470199108124, 0.655776858329773, 1.9299370050430298)
Current pose: (-0.4423470199108124, 0.655776858329773, 1.9299370050430298),-0.447914302601,0.670606253579
2 : 111.926581723 own optimal angle
Optimal Velocities- [-0.311181834547, 0.773052592191] theta: 0.0196253054343
{0: [0.13435640931129456, 0.12789633870124817, 2.9441606998443604, 0.5, 0.4000000059604645], 1: [-0.3227511942386627, 0.0886802226305008, 1.3428151607513428, 0.20000000298023224, 0.800000011920929], 3: [0.03880441561341286, 0.008005506359040737, 2.5045058727264404, -0.5, 0.699999988079071], 4: [-0.0900866761803627, 0.5373967885971069, -1.8310222625732422, -0.4000000059604645, -0.800000011920929], 5: [0.5342426896095276, -0.2890763282775879, -1.6847401857376099, 3.552713678800501e-15, -0.800000011920929], 6: [-0.21414661407470703, -0.27990156412124634, 1.9831418991088867, -0.30000001192092896, 0.800000011920929], 7: [-0.6506312489509583, 0.3029504418373108, -0.05861696973443031, 0.699999988079071, 0.6000000238418579], 8: [0.377481609582901, 0.685478150844574, -2.8231680393218994, -0.800000011920929, -0.30000001192092896], 9: [-0.7669656276702881, 0.42863819003105164, -2.621734857559204, -0.6000000238418579, -0.699999988079071], 10: [0.3828451335430145, -0.6586170196533203, 2.8000683784484863, -0.800000011920929, 0.30000001192092896], 12: [0.6423343420028687, -0.0874713808298111, -2.634567975997925, -0.699999988079071, -0.4000000059604645], 13: [0.15353351831436157, 0.6000582575798035, -1.2885593175888062, 0.20000000298023224, -0.800000011920929], 14: [-0.6025263071060181, -0.09129993617534637, -0.26330310106277466, 0.800000011920929, -0.20000000298023224], 15: [0.15927031636238098, -0.6397538185119629, 1.0771970748901367, 0.4000000059604645, 0.699999988079071], 16: [0.48950302600860596, 0.30438554286956787, 0.5140387415885925, 0.800000011920929, 3.552713678800501e-15], 17: [-0.03372945636510849, 0.23778167366981506, -0.13879890739917755, 1.0, -0.10000000149011612], 18: [0.031171288341283798, 0.4021313488483429, 1.202163577079773, 0.6000000238418579, 0.6000000238418579]}
2 : output: [-0.2999999999999967, 0.8000000000000043]
Current Position: (-0.44923511147499084, 0.6726062297821045, 1.905538558959961)
Current pose: (-0.44923511147499084, 0.6726062297821045, 1.905538558959961),-0.454438958885,0.687567030968
2 : 112.059192827 own optimal angle
Optimal Velocities- [-0.312970229998, 0.772330291766] theta: 0.0418860941714
{0: [0.1396281123161316, 0.12454011291265488, 2.4349677562713623, 1.100000023841858, -0.4000000059604645], 1: [-0.3217812776565552, 0.10731711983680725, 1.3633137941360474, 0.20000000298023224, 0.800000011920929], 3: [0.02210146188735962, 0.022321272641420364, 2.3219826221466064, -0.5, 0.699999988079071], 4: [-0.09677618741989136, 0.5179839730262756, -1.8914194107055664, -0.4000000059604645, -0.4000000059604645], 5: [0.5312837958335876, -0.30407050251960754, -1.6572741270065308, 3.552713678800501e-15, -0.800000011920929], 6: [-0.22183677554130554, -0.2644568085670471, 2.0234715938568115, -0.30000001192092896, 0.800000011920929], 7: [-0.6389814615249634, 0.30582839250564575, 0.6213632225990295, 0.4000000059604645, 0.800000011920929], 8: [0.36042457818984985, 0.680873453617096, -2.8597664833068848, -0.800000011920929, -0.30000001192092896], 9: [-0.787365734577179, 0.4163576364517212, -2.3302786350250244, -0.30000001192092896, -0.800000011920929], 10: [0.36724182963371277, -0.6530483961105347, 2.829373359680176, -0.800000011920929, 0.30000001192092896], 12: [0.627119243144989, -0.09320522099733353, -2.6383845806121826, -0.699999988079071, -0.4000000059604645], 13: [0.15784581005573273, 0.5834524035453796, -1.2925617694854736, 0.20000000298023224, -0.800000011920929], 14: [-0.5869241952896118, -0.09511838853359222, -0.2969013750553131, 0.800000011920929, -0.20000000298023224], 15: [0.166457399725914, -0.6255617141723633, 0.9883155822753906, 0.4000000059604645, 0.699999988079071], 16: [0.4954523742198944, 0.30631935596466064, -0.6569684743881226, 0.0, 0.0], 17: [-0.03372945636510849, 0.23778167366981506, -0.13879890739917755, 1.0, -0.10000000149011612], 18: [0.031171288341283798, 0.4021313488483429, 1.202163577079773, 0.6000000238418579, 0.6000000238418579]}
2 : output: [-0.2999999999999967, 0.8000000000000043]
Current Position: (-0.45612967014312744, 0.6900069117546082, 1.9295891523361206)
Current pose: (-0.45612967014312744, 0.6900069117546082, 1.9295891523361206),-0.461691794051,0.704838242701
2 : 111.927686069 own optimal angle
Optimal Velocities- [-0.311196734676, 0.773046594179] theta: 0.0199312447576
{0: [0.15543663501739502, 0.10492956638336182, 2.033754348754883, 0.699999988079071, -0.4000000059604645], 1: [-0.31984174251556396, 0.12596561014652252, 1.359989881515503, 0.20000000298023224, 0.800000011920929], 3: [0.009694330394268036, 0.0371154360473156, 2.182424783706665, -0.5, 0.699999988079071], 4: [-0.09677618741989136, 0.5179839730262756, -1.8914194107055664, -0.4000000059604645, -0.4000000059604645], 5: [0.5302931070327759, -0.31763213872909546, -1.6138579845428467, 3.552713678800501e-15, -0.800000011920929], 6: [-0.23001475632190704, -0.24951177835464478, 2.0006415843963623, -0.30000001192092896, 0.800000011920929], 7: [-0.6334450244903564, 0.3149987459182739, 1.2413487434387207, 3.552713678800501e-15, 0.8999999761581421], 8: [0.34291741251945496, 0.676781177520752, -2.813091516494751, -0.800000011920929, -0.30000001192092896], 9: [-0.8031269907951355, 0.3992067873477936, -2.0574522018432617, 0.10000000149011612, -0.800000011920929], 10: [0.3550737798213959, -0.6484727263450623, 2.834336519241333, -0.10000000149011612, -0.800000011920929], 12: [0.6129568815231323, -0.09894001483917236, -2.653123140335083, -0.699999988079071, -0.4000000059604645], 13: [0.1611989438533783, 0.5668940544128418, -1.2835721969604492, 0.20000000298023224, -0.800000011920929], 14: [-0.5718594789505005, -0.09799069166183472, -0.2731249928474426, 0.800000011920929, -0.20000000298023224], 15: [0.166457399725914, -0.6255617141723633, 0.9883155822753906, 0.4000000059604645, 0.699999988079071], 16: [0.4954523742198944, 0.30631935596466064, -0.6569684743881226, 0.0, 0.0], 17: [-0.03372945636510849, 0.23778167366981506, -0.13879890739917755, 1.0, -0.10000000149011612], 18: [0.032602742314338684, 0.40507346391677856, 1.1014491319656372, 0.6000000238418579, 0.6000000238418579]}
2 : output: [-0.2999999999999967, 0.8000000000000043]
Current Position: (-0.4630308151245117, 0.7059223651885986, 1.9161899089813232)
Current pose: (-0.4630308151245117, 0.7059223651885986, 1.9161899089813232),-0.468393717063,0.72082689077
2 : 111.76212004 own optimal angle
Optimal Velocities- [-0.308961587146, 0.773942621977] theta: 0.0286892206027
{0: [0.15640002489089966, 0.10014751553535461, 1.4583740234375, 0.5, -0.800000011920929], 1: [-0.3188692033290863, 0.14367058873176575, 1.3598133325576782, 0.20000000298023224, 0.800000011920929], 3: [-0.00032681002630852163, 0.05095784366130829, 2.2818992137908936, -0.8999999761581421, 0.20000000298023224], 4: [-0.10394446551799774, 0.5020985007286072, -1.9485489130020142, -0.30000001192092896, -1.100000023841858], 5: [0.5297920107841492, -0.33024123311042786, -1.5752447843551636, 3.552713678800501e-15, -0.800000011920929], 6: [-0.23867806792259216, -0.2345840185880661, 1.9904882907867432, -0.30000001192092896, 0.800000011920929], 7: [-0.6293953657150269, 0.3377927541732788, 1.4609906673431396, -0.30000001192092896, 0.800000011920929], 8: [0.32592475414276123, 0.6737141013145447, -2.8036539554595947, -0.800000011920929, -0.30000001192092896], 9: [-0.8063273429870605, 0.39039134979248047, -1.5127514600753784, 0.10000000149011612, -0.800000011920929], 10: [0.3570314049720764, -0.648937463760376, -2.6694581508636475, -0.20000000298023224, -0.8999999761581421], 12: [0.5983254909515381, -0.10419825464487076, -2.6543354988098145, -0.699999988079071, -0.4000000059604645], 13: [0.16551290452480316, 0.5493806600570679, -1.2825056314468384, 0.20000000298023224, -0.800000011920929], 14: [-0.5558252930641174, -0.10181459039449692, -0.19436688721179962, 0.800000011920929, -0.20000000298023224], 15: [0.18036063015460968, -0.6002877950668335, 1.1216567754745483, 0.4000000059604645, 0.699999988079071], 16: [0.4954523742198944, 0.30631935596466064, -0.6569684743881226, 0.0, 0.0], 17: [-0.03372945636510849, 0.23778167366981506, -0.13879890739917755, 1.0, -0.10000000149011612], 18: [0.032602742314338684, 0.4070351719856262, 1.0315691232681274, 0.6000000238418579, 0.6000000238418579]}
2 : output: [-0.2999999999999967, 0.8000000000000043]
Current Position: (-0.47043031454086304, 0.7229217290878296, 1.9222410917282104)
Current pose: (-0.47043031454086304, 0.7229217290878296, 1.9222410917282104),-0.475883307751,0.73779353009
2 : 111.190706516 own optimal angle
Optimal Velocities- [-0.301227783865, 0.776985370951] theta: 0.0153356954949
{0: [0.15640002489089966, 0.10014751553535461, 1.4583740234375, 0.5, -0.800000011920929], 1: [-0.31838586926460266, 0.1604311466217041, 1.3645998239517212, 0.20000000298023224, 0.800000011920929], 3: [-0.014164316467940807, 0.059556715190410614, 3.008786201477051, -1.7000000476837158, -0.5], 4: [-0.11255381256341934, 0.47980940341949463, -1.8017460107803345, -0.20000000298023224, -0.8999999761581421], 5: [0.5297920107841492, -0.34383833408355713, -1.5708564519882202, 3.552713678800501e-15, -0.800000011920929], 6: [-0.24542000889778137, -0.22063404321670532, 1.9657307863235474, -0.30000001192092896, 0.800000011920929], 7: [-0.631905734539032, 0.34800663590431213, 2.0762522220611572, -0.4000000059604645, 0.699999988079071], 8: [0.3075062334537506, 0.6680991053581238, -2.9063944816589355, -0.6000000238418579, 0.5], 9: [-0.8047463297843933, 0.3694150745868683, -1.3646528720855713, 0.10000000149011612, -0.800000011920929], 10: [0.3570314049720764, -0.648937463760376, -2.6694581508636475, -0.20000000298023224, -0.8999999761581421], 12: [0.5832334160804749, -0.10993506759405136, -2.6532809734344482, -0.699999988079071, -0.4000000059604645], 13: [0.1688673198223114, 0.5339123010635376, -1.285093069076538, 0.4000000059604645, -0.800000011920929], 14: [-0.5413445234298706, -0.1046828180551529, -0.2777538597583771, 0.800000011920929, -0.20000000298023224], 15: [0.18036063015460968, -0.6002877950668335, 1.1216567754745483, 0.4000000059604645, 0.699999988079071], 16: [0.4954523742198944, 0.30631935596466064, -0.6569684743881226, 0.0, 0.0], 17: [-0.01130132656544447, 0.2373015135526657, -0.008581695146858692, 5.400000095367432, 1.2000000476837158], 18: [0.032602742314338684, 0.4070351719856262, 1.0315691232681274, 0.6000000238418579, 0.6000000238418579]}
2 : output: [-0.2999999999999967, 0.8000000000000043]
Current Position: (-0.4768531620502472, 0.7389481067657471, 1.9285441637039185)
Current pose: (-0.4768531620502472, 0.7389481067657471, 1.9285441637039185),-0.482399784352,0.753785241969
2 : 110.848604494 own optimal angle
Optimal Velocities- [-0.296583212554, 0.778770083192] theta: 0.00510746329998
{0: [0.15303997695446014, 0.08773095160722733, 0.8505586385726929, 0.4000000059604645, -0.699999988079071], 1: [-0.31693312525749207, 0.17864474654197693, 1.3417600393295288, 0.20000000298023224, 0.800000011920929], 3: [-0.014164316467940807, 0.059556715190410614, 3.008786201477051, -1.7000000476837158, -0.5], 4: [-0.11685848236083984, 0.4590775966644287, -1.6658562421798706, -0.10000000149011612, -0.800000011920929], 5: [0.5287958383560181, -0.35745495557785034, -1.5655431747436523, 3.552713678800501e-15, -0.800000011920929], 6: [-0.2526463568210602, -0.20525753498077393, 2.01133394241333, -0.30000001192092896, 0.800000011920929], 7: [-0.631905734539032, 0.34800663590431213, 2.0762522220611572, -0.4000000059604645, 0.699999988079071], 8: [0.2958962917327881, 0.6680811047554016, 2.724893093109131, -1.100000023841858, 0.4000000059604645], 9: [-0.8047463297843933, 0.3694150745868683, -1.3646528720855713, 0.10000000149011612, -0.800000011920929], 10: [0.3497600853443146, -0.6575358510017395, -2.0023787021636963, -0.30000001192092896, -0.800000011920929], 12: [0.5701804161071777, -0.11519430577754974, -2.656454563140869, -0.699999988079071, -0.4000000059604645], 13: [0.1688673198223114, 0.5339123010635376, -1.285093069076538, 0.4000000059604645, -0.800000011920929], 14: [-0.5258960723876953, -0.10850753635168076, -0.2865287959575653, 0.800000011920929, -0.20000000298023224], 15: [0.18804632127285004, -0.5856918096542358, 1.097876787185669, 0.4000000059604645, 0.699999988079071], 16: [0.4954523742198944, 0.30631935596466064, -0.6569684743881226, 0.0, 0.0], 17: [0.04166647046804428, 0.2373015135526657, -0.14971259236335754, 0.800000011920929, -0.10000000149011612], 18: [0.032602742314338684, 0.4070351719856262, 1.0315691232681274, 0.6000000238418579, 0.6000000238418579]}
2 : output: [-0.2999999999999967, 0.8000000000000043]
Current Position: (-0.4837746322154999, 0.7555477619171143, 1.9912534952163696)
Current pose: (-0.4837746322154999, 0.7555477619171143, 1.9912534952163696),-0.490240169294,0.770008136404
2 : 108.025714225 own optimal angle
Optimal Velocities- [-0.257869829503, 0.792431445285] theta: -0.0882075876378
{0: [0.15111036598682404, 0.08678507059812546, 0.1932818442583084, 1.100000023841858, -0.5], 1: [-0.3149944841861725, 0.19591641426086426, 1.3513972759246826, 0.20000000298023224, 0.800000011920929], 3: [-0.04948072135448456, 0.05764629319310188, -2.8020997047424316, -0.4000000059604645, 0.699999988079071], 4: [-0.11972822993993759, 0.4408665895462036, -1.6781260967254639, 0.10000000149011612, -1.0], 5: [0.5287958383560181, -0.3710918724536896, -1.5309817790985107, 3.552713678800501e-15, -0.800000011920929], 6: [-0.2613266408443451, -0.1908549964427948, 1.9892261028289795, -0.30000001192092896, 0.800000011920929], 7: [-0.6410383582115173, 0.36357930302619934, 2.146239995956421, -0.4000000059604645, 0.800000011920929], 8: [0.27608048915863037, 0.6783061623573303, 2.7948951721191406, -0.800000011920929, -0.30000001192092896], 9: [-0.801594614982605, 0.3518887162208557, -1.357192873954773, 0.10000000149011612, -0.800000011920929], 10: [0.3444332778453827, -0.6708012223243713, -1.9320745468139648, -0.5, -0.699999988079071], 12: [0.5551607012748718, -0.12093330919742584, -2.64843487739563, -0.699999988079071, -0.4000000059604645], 13: [0.17605647444725037, 0.51252681016922, -1.1477510929107666, 0.30000001192092896, -0.800000011920929], 14: [-0.5109808444976807, -0.11185399442911148, -0.2946110963821411, 0.800000011920929, -0.20000000298023224], 15: [0.19571706652641296, -0.5706429481506348, 1.0245029926300049, 0.4000000059604645, 0.699999988079071], 16: [0.4954523742198944, 0.30631935596466064, -0.6569684743881226, 0.0, 0.0], 17: [0.05694092437624931, 0.23633866012096405, -0.04697054624557495, 1.2999999523162842, 0.10000000149011612], 18: [0.032602742314338684, 0.4070351719856262, 1.0315691232681274, 0.6000000238418579, 0.6000000238418579]}
2 : output: [-0.2999999999999967, 0.8000000000000043]
Current Position: (-0.49023279547691345, 0.772725522518158, 1.8618332147598267)
Current pose: (-0.49023279547691345, 0.772725522518158, 1.8618332147598267),-0.494778014775,0.787899400781
2 : 113.342499571 own optimal angle
Optimal Velocities- [-0.330188881769, 0.765127274903] theta: 0.0969721543263
{0: [0.1712391972541809, 0.08487137407064438, -0.5091032981872559, -0.699999988079071, -0.4000000059604645], 1: [-0.3135393261909485, 0.213687002658844, 1.330216884613037, 0.30000001192092896, 0.800000011920929], 3: [-0.049481101334095, 0.058122068643569946, 2.6060791015625, -0.4000000059604645, 0.699999988079071], 4: [-0.11877161264419556, 0.41975563764572144, -1.4067749977111816, -0.20000000298023224, -1.0], 5: [0.5292647480964661, -0.38572633266448975, -1.575211763381958, 3.552713678800501e-15, -0.800000011920929], 6: [-0.27001097798347473, -0.1750260293483734, 1.9768134355545044, -0.30000001192092896, 0.800000011920929], 7: [-0.6507385969161987, 0.38063308596611023, 1.9561924934387207, -0.30000001192092896, 0.800000011920929], 8: [0.26546144485473633, 0.6813884377479553, -2.8825457096099854, -0.800000011920929, -0.30000001192092896], 9: [-0.7989657521247864, 0.3339095711708069, -1.3587833642959595, 0.10000000149011612, -0.800000011920929], 10: [0.33906424045562744, -0.6861392855644226, -2.0710372924804688, -0.5, -0.5], 12: [0.5411708950996399, -0.12667356431484222, -2.6494760513305664, -0.699999988079071, -0.4000000059604645], 13: [0.18181192874908447, 0.4971430003643036, -1.1839230060577393, 0.30000001192092896, -0.800000011920929], 14: [-0.495604932308197, -0.11520200222730637, -0.22358255088329315, 0.800000011920929, -0.20000000298023224], 15: [0.20339985191822052, -0.5561209917068481, 0.9969162940979004, 0.4000000059604645, 0.699999988079071], 16: [0.4954523742198944, 0.30631935596466064, -0.6569684743881226, 0.0, 0.0], 17: [0.05694092437624931, 0.23633866012096405, -0.04697054624557495, 1.2999999523162842, 0.10000000149011612], 18: [0.0345122367143631, 0.40996700525283813, 1.1142140626907349, -0.800000011920929, 6.199999809265137]}
2 : output: [-0.2999999999999967, 0.8000000000000043]
